408.000 375.381 342.762 310.143 284.000 266.905 254.286 244.000 238.000 238.000 238.000 240.000 239.000 236.000 234.000 232.000 228.000 221.476 216.000 213.000 214.000 216.000 242.000 270.000 299.000 328.000 357.000 386.000 415.000 444.000 441.000 438.933 440.000 450.000 461.000 468.000 475.733 482.000 485.000 486.000 484.000 479.600 468.000 444.533 56.000 61.619 74.000 92.000 122.476 155.095 187.714 220.333 252.952 285.571 318.190 350.810 383.429 416.048 448.667 481.286 513.905 546.524 579.143 611.762 644.381 677.000 648.000 624.000 605.000 592.000 589.000 597.000 597.000 588.000 551.467 514.933 478.400 441.867 405.333 368.800 332.267 295.733 259.200 222.667 186.133 149.600 113.067 76.533
410.000 381.952 353.905 325.857 298.810 273.762 247.000 227.667 216.619 205.000 193.524 185.000 180.000 177.000 174.000 171.000 168.000 168.000 168.000 172.000 175.000 180.000 203.125 229.250 255.375 281.500 307.625 333.750 359.875 386.000 393.000 390.000 387.000 393.000 400.000 413.000 435.267 454.733 464.200 467.000 468.000 467.000 464.000 444.467 100.000 105.000 115.000 134.143 161.190 189.238 217.286 245.333 273.381 301.429 329.476 357.524 385.571 413.619 441.667 469.714 497.762 525.810 553.857 581.905 609.952 638.000 611.875 587.750 571.000 569.000 569.000 573.000 579.000 590.000 555.533 521.067 486.600 452.133 417.667 383.200 348.733 314.267 279.800 245.333 210.867 176.400 141.933 110.000
356.000 322.524 293.048 264.571 236.095 213.619 198.143 184.667 172.000 163.000 159.000 155.000 152.286 152.000 150.000 146.000 142.000 139.000 137.000 135.000 133.000 136.000 146.000 170.500 203.250 236.000 268.750 301.500 334.250 367.000 348.600 351.000 363.000 375.600 384.000 376.000 378.000 381.200 392.000 407.000 417.000 419.000 418.000 397.400 79.000 92.476 126.952 160.429 194.905 229.381 263.857 298.333 332.810 367.286 401.762 436.238 470.714 505.190 539.667 574.143 608.619 643.095 677.571 712.048 746.524 781.000 748.250 716.500 700.000 690.000 683.000 679.000 678.000 671.000 629.600 588.200 546.800 505.400 464.000 422.600 381.200 339.800 298.400 257.000 215.600 174.200 132.800 92.400
349.000 302.905 256.810 216.714 202.619 190.524 181.429 174.000 168.000 164.000 160.048 157.000 153.000 147.000 138.667 125.000 113.000 107.000 108.000 110.000 113.000 122.000 141.000 162.000 191.375 224.500 257.625 290.750 323.875 357.000 380.000 383.000 394.200 411.000 429.000 438.000 443.000 447.000 454.000 455.000 459.400 464.000 449.000 401.400 26.000 41.000 62.191 104.286 150.381 196.476 242.571 288.667 334.762 380.857 426.952 473.048 519.143 565.238 611.333 657.429 703.524 749.619 795.714 841.810 887.905 934.000 900.875 867.750 839.625 812.500 794.000 783.000 773.000 759.000 706.600 654.200 601.800 549.400 497.000 444.600 392.200 339.800 287.400 235.000 182.600 130.200 77.800 35.400
419.000 376.429 333.857 295.286 260.714 246.000 232.571 221.000 213.000 207.000 203.000 200.000 197.000 195.000 192.000 189.000 186.000 185.000 184.000 180.143 180.000 192.000 208.250 224.500 250.750 286.000 321.250 356.500 391.750 427.000 423.000 417.267 415.000 423.000 442.333 455.000 455.000 452.000 458.000 468.000 477.533 486.000 489.000 466.867 59.000 69.000 92.000 130.714 173.286 215.857 258.429 301.000 343.571 386.143 428.714 471.286 513.857 556.429 599.000 641.571 684.143 726.714 769.286 811.857 854.429 897.000 861.750 826.500 792.250 765.000 747.750 737.500 738.000 747.000 699.133 651.267 603.400 555.533 507.667 459.800 411.933 364.067 316.200 268.333 220.467 172.600 124.733 76.867
345.000 304.143 263.286 222.429 184.571 164.714 153.000 141.000 135.000 131.000 125.000 118.571 110.000 102.000 96.000 87.000 79.000 73.429 64.000 60.000 64.000 76.000 117.750 159.500 201.250 243.000 284.750 326.500 368.250 410.000 410.000 410.000 410.000 420.000 426.667 431.000 436.000 441.000 443.000 446.000 449.000 445.800 430.867 389.933 62.000 64.857 79.714 107.571 146.429 187.286 228.143 269.000 309.857 350.714 391.571 432.429 473.286 514.143 555.000 595.857 636.714 677.571 718.429 759.286 800.143 841.000 806.250 776.000 753.000 732.000 711.000 695.000 690.000 689.000 644.067 599.133 554.200 509.267 464.333 419.400 374.467 329.533 284.600 239.667 194.733 149.800 104.867 70.000
399.000 357.619 316.238 274.857 233.476 211.095 199.714 192.000 188.000 188.000 187.000 185.000 182.000 175.000 166.000 161.000 158.000 157.000 159.857 168.000 176.000 190.000 203.000 231.250 268.875 306.500 344.125 381.750 419.375 457.000 442.000 429.000 432.000 442.000 462.000 471.000 480.000 485.000 490.000 495.000 500.000 498.000 490.000 448.600 46.000 64.381 90.762 131.143 170.524 211.905 253.286 294.667 336.048 377.429 418.810 460.190 501.571 542.952 584.333 625.714 667.095 708.476 749.857 791.238 832.619 874.000 836.375 800.750 777.125 764.000 741.875 727.000 723.000 726.000 676.400 626.800 577.200 527.600 478.000 428.400 378.800 329.200 279.600 230.000 180.400 130.800 81.200 47.000
363.000 320.333 277.667 237.000 202.000 177.667 161.000 153.000 145.667 139.000 138.000 136.000 134.000 132.000 129.000 125.000 122.000 120.000 121.000 123.000 132.333 150.000 165.125 186.250 223.375 265.500 307.625 349.750 391.875 434.000 446.000 443.000 447.000 446.000 444.000 445.000 445.667 448.000 457.000 458.000 457.000 458.000 449.333 413.667 79.000 86.000 115.333 158.000 200.667 243.333 286.000 328.667 371.333 414.000 456.667 499.333 542.000 584.667 627.333 670.000 712.667 755.333 798.000 840.667 883.333 926.000 883.875 841.750 805.625 781.000 770.375 768.000 772.000 785.000 734.333 683.667 633.000 582.333 531.667 481.000 430.333 379.667 329.000 278.333 227.667 177.000 126.333 85.000
351.000 316.143 281.286 246.429 211.571 187.000 173.000 166.000 162.000 159.000 156.000 153.000 152.000 150.000 148.000 146.000 144.000 141.000 139.000 135.000 131.000 132.000 159.000 188.000 221.500 255.000 288.500 322.000 355.500 389.000 377.000 380.000 391.200 405.933 405.000 402.000 408.000 419.000 430.000 435.000 436.000 435.000 423.467 390.733 87.000 89.000 104.714 127.571 152.429 186.286 221.143 256.000 290.857 325.714 360.571 395.429 430.286 465.143 500.000 534.857 569.714 604.571 639.429 674.286 709.143 744.000 710.500 681.000 660.500 650.000 646.500 649.000 653.000 646.000 606.267 566.533 526.800 487.067 447.333 407.600 367.867 328.133 288.400 248.667 208.933 169.200 129.467 97.733
370.000 326.762 283.524 240.286 197.048 167.000 149.000 138.000 128.000 117.000 112.000 109.000 106.000 100.000 96.000 92.000 84.191 77.000 72.000 72.000 79.000 90.000 108.000 135.000 174.500 218.000 261.500 305.000 348.500 392.000 389.000 382.067 382.000 396.867 412.000 418.000 421.267 426.000 431.000 444.000 453.000 457.000 456.933 416.467 101.000 106.000 126.476 161.714 201.952 244.190 287.429 330.667 373.905 417.143 460.381 503.619 546.857 590.095 633.333 676.571 719.810 763.048 806.286 849.524 892.762 936.000 892.500 849.000 811.000 796.000 783.000 773.000 766.000 756.000 709.533 663.067 616.600 570.133 523.667 477.200 430.733 384.267 337.800 291.333 244.867 198.400 151.933 114.000
391.000 359.667 328.333 297.000 266.000 245.333 228.000 213.667 205.000 197.000 189.000 182.000 176.000 171.000 166.333 162.000 158.000 154.000 147.000 142.000 142.000 142.000 168.875 199.750 230.625 261.500 292.375 323.250 354.125 385.000 401.000 409.000 416.000 425.000 427.000 430.000 437.000 444.000 451.400 461.000 466.000 465.000 454.000 425.600 85.000 91.333 104.667 127.000 153.333 184.667 216.000 247.333 278.667 310.000 341.333 372.667 404.000 435.333 466.667 498.000 529.333 560.667 592.000 623.333 654.667 686.000 655.125 632.000 615.375 606.000 604.000 602.000 598.000 586.000 551.400 516.800 482.200 447.600 413.000 378.400 343.800 309.200 274.600 240.000 205.400 170.800 136.200 102.000
375.000 327.714 280.429 235.143 206.857 185.571 173.000 167.000 161.000 160.000 157.000 155.000 145.000 138.000 133.000 130.714 126.000 131.000 145.000 159.000 171.000 207.000 224.000 242.750 260.000 288.500 328.875 370.250 411.625 453.000 432.133 414.267 411.000 434.467 453.000 458.000 475.000 490.000 491.000 492.000 490.000 487.000 468.733 427.867 81.000 96.000 118.571 154.857 202.143 249.429 296.714 344.000 391.286 438.571 485.857 533.143 580.429 627.714 675.000 722.286 769.571 816.857 864.143 911.429 958.714 1006.000 964.625 923.250 881.875 840.500 811.000 805.000 809.000 817.000 764.133 711.267 658.400 605.533 552.667 499.800 446.933 394.067 341.200 288.333 235.467 182.600 129.733 90.867
428.000 388.286 348.571 310.857 274.143 247.429 233.000 222.000 213.000 207.000 208.000 210.000 206.000 205.000 199.000 194.000 189.000 185.000 184.857 187.000 185.000 194.000 209.000 232.000 267.000 302.000 337.000 372.000 407.000 442.000 430.000 428.000 436.000 449.000 459.000 464.000 462.000 466.000 480.000 490.000 499.000 505.000 502.000 471.000 95.000 100.000 115.429 150.143 189.857 229.571 269.286 309.000 348.714 388.429 428.143 467.857 507.571 547.286 587.000 626.714 666.429 706.143 745.857 785.571 825.286 865.000 830.000 796.000 771.000 750.000 736.000 728.000 723.000 714.000 671.000 628.000 585.000 542.000 499.000 456.000 413.000 370.000 327.000 284.000 241.000 198.000 155.000 115.000
398.000 367.095 336.190 305.286 274.381 243.476 213.571 188.667 171.000 157.000 147.000 142.000 139.000 135.000 130.000 122.000 116.000 112.000 102.000 94.809 90.000 85.000 117.250 149.500 181.750 214.000 246.250 278.500 310.750 343.000 339.000 339.000 347.600 361.000 371.000 380.200 394.000 409.267 427.800 443.333 454.000 460.000 459.000 435.533 111.000 109.905 124.000 138.714 161.000 182.524 209.429 240.333 271.238 302.143 333.048 363.952 394.857 425.762 456.667 487.571 518.476 549.381 580.286 611.190 642.095 673.000 648.750 633.500 625.000 620.000 620.000 628.000 638.000 653.000 615.467 577.933 540.400 502.867 465.333 427.800 390.267 352.733 315.200 277.667 240.133 202.600 165.067 128.000
368.000 333.762 299.524 265.286 232.048 205.000 191.571 179.000 171.095 165.000 162.000 156.000 152.000 150.000 150.000 148.000 146.000 143.000 139.000 135.000 134.000 134.000 147.125 162.000 194.375 232.500 270.625 308.750 346.875 385.000 389.000 391.000 398.200 401.000 396.000 396.000 409.000 425.000 432.000 435.000 436.000 441.000 436.000 404.067 107.000 118.000 132.000 156.714 183.952 213.190 247.429 281.667 315.905 350.143 384.381 418.619 452.857 487.095 521.333 555.571 589.810 624.048 658.286 692.524 726.762 761.000 722.875 684.750 649.625 626.500 612.000 605.000 608.000 621.000 584.933 548.867 512.800 476.733 440.667 404.600 368.533 332.467 296.400 260.333 224.267 188.200 152.133 118.067
398.000 355.286 312.571 269.857 229.000 198.000 179.000 165.000 154.000 144.000 132.000 135.000 133.000 123.000 112.000 105.286 95.571 89.000 88.000 83.000 80.000 79.000 97.000 116.250 151.875 187.500 223.125 258.750 294.375 330.000 364.000 365.800 369.200 390.600 400.000 402.000 406.000 420.000 439.000 450.000 458.400 462.000 458.800 440.400 74.000 87.000 107.429 141.143 180.857 223.571 266.286 309.000 351.714 394.429 437.143 479.857 522.571 565.286 608.000 650.714 693.429 736.143 778.857 821.571 864.286 907.000 871.375 835.750 800.125 771.000 749.000 741.250 741.000 742.000 704.600 658.200 611.800 565.400 519.000 472.600 426.200 379.800 333.400 287.000 240.600 194.200 147.800 101.400
401.000 354.333 307.667 261.000 220.333 196.000 179.000 170.000 166.000 161.000 157.000 156.000 154.000 153.000 153.000 149.000 144.000 139.000 139.000 144.000 151.000 170.000 193.250 226.500 259.750 293.000 326.250 359.500 392.750 426.000 419.000 424.000 436.000 447.000 457.000 458.000 458.000 463.000 471.000 476.000 480.000 481.000 478.000 453.000 60.000 69.000 85.333 113.000 152.667 199.333 246.000 292.667 339.333 386.000 432.667 479.333 526.000 572.667 619.333 666.000 712.667 759.333 806.000 852.667 899.333 946.000 912.750 884.500 863.000 846.000 833.750 823.000 812.000 800.000 748.000 696.000 644.000 592.000 540.000 488.000 436.000 384.000 332.000 280.000 228.000 176.000 124.000 76.000
395.000 350.667 306.333 262.000 225.667 199.333 179.000 166.000 153.000 142.000 134.000 127.000 120.000 111.000 103.000 96.000 93.000 82.333 78.000 78.000 84.000 96.000 117.125 153.250 193.375 233.500 273.625 313.750 353.875 394.000 379.000 380.000 382.000 396.000 414.000 429.800 451.000 462.000 467.000 469.000 472.000 477.000 477.000 441.800 78.000 88.000 105.000 142.000 185.333 229.667 274.000 318.333 362.667 407.000 451.333 495.667 540.000 584.333 628.667 673.000 717.333 761.667 806.000 850.333 894.667 939.000 898.875 860.750 830.625 802.500 785.000 774.000 756.125 750.000 703.200 656.400 609.600 562.800 516.000 469.200 422.400 375.600 328.800 282.000 235.200 188.400 141.600 98.800
383.000 350.095 317.190 284.286 253.381 229.476 209.571 199.000 192.000 186.000 179.952 175.000 172.000 170.000 169.000 170.000 166.524 161.619 152.000 144.000 138.905 135.000 160.375 187.750 217.125 246.500 275.875 305.250 334.625 364.000 364.000 362.933 366.000 370.867 388.333 410.000 423.000 431.733 446.200 453.667 450.000 446.000 435.000 420.467 52.000 60.905 78.809 101.714 134.619 167.524 200.429 233.333 266.238 299.143 332.048 364.952 397.857 430.762 463.667 496.571 529.476 562.381 595.286 628.190 661.095 694.000 664.625 640.250 621.875 610.000 604.000 604.000 606.000 609.000 570.533 532.067 493.600 455.133 416.667 378.200 339.733 301.267 262.800 224.333 185.867 147.400 108.933 70.467
369.000 330.619 292.238 253.857 216.476 187.095 171.000 159.000 149.000 142.000 138.000 134.000 131.000 127.000 125.000 124.000 122.000 119.000 116.000 113.000 110.000 120.000 143.000 163.000 200.875 242.500 284.125 325.750 367.375 409.000 396.000 380.000 380.000 393.933 405.000 406.000 408.133 415.000 419.000 425.000 436.000 444.000 437.000 409.733 91.000 99.000 110.762 128.143 164.524 202.905 241.286 279.667 318.048 356.429 394.810 433.190 471.571 509.952 548.333 586.714 625.095 663.476 701.857 740.238 778.619 817.000 775.375 733.750 694.125 671.000 665.000 666.000 669.000 673.000 632.267 591.533 550.800 510.067 469.333 428.600 387.867 347.133 306.400 265.667 224.933 184.200 143.467 102.733
385.000 351.143 317.286 284.429 259.571 241.000 232.000 224.000 217.000 212.000 203.000 195.000 186.714 179.857 175.000 170.000 163.286 156.000 152.000 148.000 149.000 152.000 178.625 211.250 244.875 278.500 312.125 345.750 379.375 413.000 413.000 419.267 432.400 447.000 458.000 464.000 469.000 476.000 481.000 486.000 487.000 480.000 459.267 423.133 116.000 124.000 140.000 168.571 202.429 236.286 270.143 304.000 337.857 371.714 405.571 439.429 473.286 507.143 541.000 574.857 608.714 642.571 676.429 710.286 744.143 778.000 744.375 710.750 694.125 680.000 663.000 650.000 647.000 650.000 611.867 573.733 535.600 497.467 459.333 421.200 383.067 344.933 306.800 268.667 230.533 192.400 154.267 123.000
388.000 347.524 307.048 266.571 226.095 194.619 179.000 166.000 157.000 152.000 149.000 146.000 144.000 139.810 134.000 125.000 117.000 109.000 99.000 96.000 101.524 109.000 134.625 173.250 214.875 256.500 298.125 339.750 381.375 423.000 408.000 411.000 417.000 434.267 442.000 444.000 446.000 454.533 469.600 479.000 480.000 482.000 471.000 433.067 54.000 64.000 83.952 112.429 143.905 184.381 224.857 265.333 305.810 346.286 386.762 427.238 467.714 508.190 548.667 589.143 629.619 670.095 710.571 751.048 791.524 832.000 790.375 749.000 722.125 703.000 692.000 691.000 695.000 700.000 654.933 609.867 564.800 519.733 474.667 429.600 384.533 339.467 294.400 249.333 204.267 159.200 114.133 71.067
428.000 393.429 358.857 324.286 291.714 264.000 241.000 225.000 214.000 207.000 201.000 193.000 191.000 188.000 184.000 179.000 172.000 164.000 160.000 156.000 154.000 153.000 188.375 223.750 259.125 294.500 329.875 365.250 400.625 436.000 419.000 414.000 425.000 443.733 450.000 454.000 461.000 476.000 476.000 479.000 482.267 494.000 494.000 469.933 60.000 64.571 72.143 94.714 123.286 157.857 192.429 227.000 261.571 296.143 330.714 365.286 399.857 434.429 469.000 503.571 538.143 572.714 607.286 641.857 676.429 711.000 682.000 658.250 642.000 635.000 629.000 635.000 646.000 659.000 617.067 575.133 533.200 491.267 449.333 407.400 365.467 323.533 281.600 239.667 197.733 155.800 113.867 72.933
372.000 328.000 284.000 241.000 205.000 181.000 165.000 150.000 142.000 134.000 128.000 126.000 126.000 124.000 118.000 112.000 106.000 105.000 107.000 110.000 115.000 132.000 143.500 168.000 204.500 242.000 279.500 317.000 354.500 392.000 396.000 394.000 384.000 393.000 417.000 432.000 441.000 448.000 455.000 466.000 470.000 474.000 461.267 420.133 42.000 52.000 75.000 106.000 150.000 194.000 238.000 282.000 326.000 370.000 414.000 458.000 502.000 546.000 590.000 634.000 678.000 722.000 766.000 810.000 854.000 898.000 860.500 823.000 791.500 767.000 754.000 746.000 733.000 716.000 667.867 619.733 571.600 523.467 475.333 427.200 379.067 330.933 282.800 234.667 186.533 138.400 90.267 50.133
337.000 297.810 258.619 219.429 180.238 147.048 125.857 108.000 93.000 87.000 82.000 78.000 73.000 68.000 62.000 60.000 60.000 58.000 56.000 50.381 42.000 33.000 68.875 109.750 152.625 195.500 238.375 281.250 324.125 367.000 383.000 388.000 400.000 413.067 424.000 435.000 430.000 434.000 442.400 446.000 448.000 447.000 429.000 383.267 159.000 162.190 177.000 202.571 230.762 267.952 307.143 346.333 385.524 424.714 463.905 503.095 542.286 581.476 620.667 659.857 699.048 738.238 777.429 816.619 855.810 895.000 852.125 818.250 794.000 783.500 782.000 786.250 794.125 802.000 755.733 709.467 663.200 616.933 570.667 524.400 478.133 431.867 385.600 339.333 293.067 246.800 200.533 167.000
361.000 320.000 279.000 238.000 205.000 184.000 176.000 170.000 169.000 167.000 166.000 169.000 172.000 169.000 167.000 162.000 155.000 150.000 149.000 153.000 154.000 166.000 183.000 198.250 232.375 270.500 308.625 346.750 384.875 423.000 401.000 381.000 377.000 392.000 407.000 412.000 407.000 417.000 425.000 428.000 432.000 435.000 436.000 407.867 18.000 31.000 59.000 95.000 133.000 174.000 215.000 256.000 297.000 338.000 379.000 420.000 461.000 502.000 543.000 584.000 625.000 666.000 707.000 748.000 789.000 830.000 791.875 753.750 718.625 698.500 689.000 690.750 700.000 687.000 640.133 593.267 546.400 499.533 452.667 405.800 358.933 312.067 265.200 218.333 171.467 124.600 77.733 36.867
435.000 398.429 361.857 325.286 295.000 270.000 252.571 242.000 234.000 227.857 223.000 219.000 215.000 210.000 201.000 196.429 188.000 178.000 170.714 162.000 157.000 155.000 186.000 224.000 262.000 300.000 338.000 376.000 414.000 452.000 450.000 445.000 456.000 468.000 474.000 482.200 499.000 505.000 509.000 512.000 514.000 514.000 507.000 477.533 94.000 108.571 131.143 156.714 192.286 228.857 265.429 302.000 338.571 375.143 411.714 448.286 484.857 521.429 558.000 594.571 631.143 667.714 704.286 740.857 777.429 814.000 778.000 756.000 739.000 730.000 721.000 708.000 698.000 691.000 648.467 605.933 563.400 520.867 478.333 435.800 393.267 350.733 308.200 265.667 223.133 180.600 138.067 107.000
392.000 346.667 301.333 256.000 218.000 195.000 177.000 166.000 158.000 151.000 147.000 148.667 148.000 147.000 146.000 144.000 141.000 135.000 124.000 126.000 138.000 156.000 176.375 204.750 242.125 279.500 316.875 354.250 391.625 429.000 430.000 427.000 425.200 432.000 448.667 466.000 476.000 484.867 494.000 500.000 499.000 495.000 483.467 442.733 72.000 85.333 109.667 144.000 189.333 234.667 280.000 325.333 370.667 416.000 461.333 506.667 552.000 597.333 642.667 688.000 733.333 778.667 824.000 869.333 914.667 960.000 922.625 885.250 850.875 823.000 804.125 797.250 804.000 801.000 750.267 699.533 648.800 598.067 547.333 496.600 445.867 395.133 344.400 293.667 242.933 192.200 141.467 93.000
388.000 349.762 311.524 273.286 236.048 212.810 195.571 183.333 175.000 167.000 158.000 150.000 140.000 130.000 121.000 112.000 103.000 97.000 94.000 95.000 99.000 104.000 125.000 159.500 205.750 252.000 298.250 344.500 390.750 437.000 441.000 431.000 423.000 432.000 443.000 458.000 471.000 473.000 476.000 475.000 472.000 466.000 452.600 426.800 88.000 96.000 111.000 134.714 170.952 209.190 247.429 285.667 323.905 362.143 400.381 438.619 476.857 515.095 553.333 591.571 629.810 668.048 706.286 744.524 782.762 821.000 774.750 731.500 695.250 667.000 651.000 640.000 638.000 645.000 606.200 567.400 528.600 489.800 451.000 412.200 373.400 334.600 295.800 257.000 218.200 179.400 140.600 102.800
400.000 363.571 327.143 290.714 254.286 223.000 207.000 194.000 183.000 176.000 171.000 169.000 165.000 162.000 158.000 152.000 144.000 135.000 130.000 124.000 120.000 123.000 134.000 148.000 183.000 224.000 265.000 306.000 347.000 388.000 396.000 401.000 412.600 429.000 430.000 426.000 433.733 448.000 455.000 461.000 468.000 473.000 470.000 441.533 83.000 90.000 105.000 129.000 159.714 196.143 232.571 269.000 305.429 341.857 378.286 414.714 451.143 487.571 524.000 560.429 596.857 633.286 669.714 706.143 742.571 779.000 738.000 697.000 658.000 636.000 630.000 637.000 651.000 666.000 624.467 582.933 541.400 499.867 458.333 416.800 375.267 333.733 292.200 250.667 209.133 167.600 126.067 90.000
360.000 316.429 272.857 230.286 198.714 177.000 161.000 152.000 148.000 147.000 145.000 144.000 143.000 142.000 138.000 136.000 134.000 132.000 134.000 146.857 161.429 177.000 183.000 196.000 221.000 251.000 287.750 326.500 365.250 404.000 393.000 387.000 386.000 398.000 411.000 413.000 413.000 423.000 437.000 441.000 444.000 443.000 433.000 404.800 48.000 57.000 76.143 114.714 158.286 201.857 245.429 289.000 332.571 376.143 419.714 463.286 506.857 550.429 594.000 637.571 681.143 724.714 768.286 811.857 855.429 899.000 860.250 821.500 782.750 744.000 714.250 693.000 684.750 684.000 639.200 594.400 549.600 504.800 460.000 415.200 370.400 325.600 280.800 236.000 191.200 146.400 101.600 60.000
363.000 327.476 291.952 256.429 220.905 190.381 175.000 166.000 158.000 153.000 145.000 141.000 138.000 134.000 125.000 118.000 112.000 105.095 98.000 94.000 93.000 94.000 120.000 155.000 190.000 225.000 260.000 295.000 330.000 365.000 391.000 391.000 391.000 392.000 389.000 389.000 396.000 410.000 435.000 450.000 455.000 451.000 435.000 406.733 53.000 58.524 74.048 101.571 135.095 169.619 205.143 240.667 276.190 311.714 347.238 382.762 418.286 453.810 489.333 524.857 560.381 595.905 631.429 666.952 702.476 738.000 703.000 674.000 658.000 650.000 647.000 650.000 660.000 675.000 638.267 594.533 550.800 507.067 463.333 419.600 375.867 332.133 288.400 244.667 200.933 157.200 113.467 70.733
394.000 350.952 307.905 264.857 230.000 204.762 189.000 181.000 175.000 172.000 165.000 159.000 155.000 151.381 148.000 145.000 139.000 130.190 125.000 135.000 147.000 160.000 168.000 187.500 220.750 256.000 291.250 326.500 361.750 397.000 406.000 407.000 412.000 421.333 423.000 421.000 432.000 448.667 464.000 466.000 471.000 478.000 474.667 442.333 81.000 92.000 111.095 144.143 186.190 229.238 272.286 315.333 358.381 401.429 444.476 487.524 530.571 573.619 616.667 659.714 702.762 745.810 788.857 831.905 874.952 918.000 882.750 847.500 822.000 803.000 784.000 774.000 774.000 778.000 729.667 681.333 633.000 584.667 536.333 488.000 439.667 391.333 343.000 294.667 246.333 198.000 149.667 102.000
390.000 343.810 297.619 251.429 209.000 188.048 171.857 157.667 145.000 134.000 128.000 120.000 114.000 104.524 97.000 83.000 75.000 75.000 77.000 79.000 88.000 102.000 123.250 154.500 198.750 245.000 291.250 337.500 383.750 430.000 425.000 416.000 414.000 428.000 435.000 441.000 447.000 454.000 470.600 484.000 490.000 489.000 479.467 440.733 31.000 44.000 68.381 103.571 147.762 193.952 240.143 286.333 332.524 378.714 424.905 471.095 517.286 563.476 609.667 655.857 702.048 748.238 794.429 840.619 886.810 933.000 886.750 840.500 800.250 779.000 763.000 755.000 753.000 752.000 701.267 650.533 599.800 549.067 498.333 447.600 396.867 346.133 295.400 244.667 193.933 143.200 92.467 46.000
351.000 309.286 267.571 225.857 193.000 169.000 151.000 136.000 128.000 120.000 111.000 103.000 97.000 92.000 88.000 76.000 66.571 62.000 63.000 71.000 81.000 98.000 128.000 163.250 204.375 245.500 286.625 327.750 368.875 410.000 403.000 392.933 381.400 383.000 396.000 413.000 418.000 417.000 425.800 436.333 443.000 440.000 427.067 395.533 70.000 70.000 84.429 119.143 158.857 200.571 242.286 284.000 325.714 367.429 409.143 450.857 492.571 534.286 576.000 617.714 659.429 701.143 742.857 784.571 826.286 868.000 827.875 790.750 762.000 743.000 729.000 722.000 719.125 720.000 675.467 630.933 586.400 541.867 497.333 452.800 408.267 363.733 319.200 274.667 230.133 185.600 141.067 96.533
366.000 327.381 288.762 251.143 218.524 201.000 183.286 176.000 169.000 161.000 155.810 150.000 143.000 134.000 123.000 111.000 102.095 92.000 84.000 80.000 79.000 77.000 105.750 131.500 173.250 224.000 274.750 325.500 376.250 427.000 409.000 402.000 404.600 417.000 427.000 431.000 431.000 434.000 443.000 452.000 456.000 454.000 442.067 408.533 102.000 111.000 135.238 169.857 202.476 241.095 279.714 318.333 356.952 395.571 434.190 472.810 511.429 550.048 588.667 627.286 665.905 704.524 743.143 781.762 820.381 859.000 808.250 757.500 714.750 683.000 674.000 676.000 690.000 703.000 660.467 617.933 575.400 532.867 490.333 447.800 405.267 362.733 320.200 277.667 235.133 192.600 150.067 114.533
409.000 364.190 319.381 274.571 231.000 207.952 195.000 185.000 175.000 169.000 161.000 149.000 140.000 130.000 117.000 108.000 101.048 98.000 101.000 109.000 126.190 150.000 167.750 193.500 216.000 262.000 302.750 348.500 395.250 442.000 443.000 431.733 428.000 437.000 449.000 464.000 468.000 476.000 483.000 487.000 485.000 484.000 479.000 454.133 41.000 52.809 71.619 98.000 135.238 180.048 224.857 269.667 314.476 359.286 404.095 448.905 493.714 538.524 583.333 628.143 672.952 717.762 762.571 807.381 852.190 897.000 850.250 803.500 756.750 722.000 683.250 658.000 665.000 681.000 635.867 590.733 545.600 500.467 455.333 410.200 365.067 319.933 274.800 229.667 184.533 139.400 94.267 53.133
331.000 293.238 255.476 217.714 186.952 165.190 153.000 147.000 144.000 141.000 135.000 132.000 131.000 129.000 124.000 117.000 109.000 101.000 99.000 101.000 104.000 110.000 132.000 154.750 189.125 224.500 259.875 295.250 330.625 366.000 353.067 347.000 355.000 370.000 380.000 382.000 386.000 396.000 403.000 406.000 406.000 405.000 399.000 371.933 73.000 80.762 106.524 137.286 174.048 211.810 249.571 287.333 325.095 362.857 400.619 438.381 476.143 513.905 551.667 589.429 627.190 664.952 702.714 740.476 778.238 816.000 780.625 745.250 714.875 688.500 668.000 659.000 652.000 650.000 609.067 568.133 527.200 486.267 445.333 404.400 363.467 322.533 281.600 240.667 199.733 158.800 117.867 82.933
334.000 295.286 256.571 217.857 180.143 159.000 144.000 136.000 131.000 125.000 123.000 116.000 108.000 101.714 89.000 77.286 68.000 57.857 44.000 32.000 24.000 20.000 44.000 73.250 107.375 141.500 175.625 209.750 243.875 278.000 296.333 308.000 329.000 350.000 360.667 369.000 388.000 408.667 427.000 434.000 438.000 439.000 423.667 381.333 93.000 102.714 121.000 146.143 181.857 220.571 259.286 298.000 336.714 375.429 414.143 452.857 491.571 530.286 569.000 607.714 646.429 685.143 723.857 762.571 801.286 840.000 805.875 772.750 750.625 738.000 734.000 736.750 742.875 750.000 702.667 655.333 608.000 560.667 513.333 466.000 418.667 371.333 324.000 276.667 229.333 182.000 134.667 102.000
364.000 329.667 295.333 261.000 229.000 206.333 199.000 195.000 193.000 193.000 193.000 192.000 190.000 189.000 188.000 183.000 179.000 176.000 170.000 167.000 171.000 175.000 190.000 206.000 227.500 262.000 296.500 331.000 365.500 400.000 399.000 402.000 417.000 419.000 414.000 418.000 434.667 446.000 456.000 459.667 463.000 458.000 439.333 403.667 70.000 83.333 105.000 133.000 165.333 199.667 234.000 268.333 302.667 337.000 371.333 405.667 440.000 474.333 508.667 543.000 577.333 611.667 646.000 680.333 714.667 749.000 714.500 680.000 645.500 617.000 601.500 596.000 602.000 613.000 573.333 533.667 494.000 454.333 414.667 375.000 335.333 295.667 256.000 216.333 176.667 137.000 97.333 70.000
378.000 336.857 295.714 254.571 217.429 196.000 187.000 184.000 179.000 176.000 174.000 171.000 169.000 167.000 166.000 160.000 149.714 145.000 143.000 143.000 145.000 147.000 167.000 194.250 233.875 273.500 313.125 352.750 392.375 432.000 420.000 428.000 437.000 447.000 449.000 451.000 450.000 452.000 456.600 457.000 459.000 457.000 451.000 420.733 79.000 86.143 102.286 133.429 174.571 215.714 256.857 298.000 339.143 380.286 421.429 462.571 503.714 544.857 586.000 627.143 668.286 709.429 750.571 791.714 832.857 874.000 834.375 798.750 774.000 754.000 731.875 717.000 707.000 680.000 637.267 594.533 551.800 509.067 466.333 423.600 380.867 338.133 295.400 252.667 209.933 167.200 124.467 90.000
349.000 312.143 275.286 238.429 201.571 176.714 164.857 156.000 150.000 146.000 144.000 142.000 140.714 139.000 138.000 137.000 135.000 129.429 121.571 115.000 109.000 113.000 146.250 185.500 224.750 264.000 303.250 342.500 381.750 421.000 415.000 410.000 418.400 431.000 435.000 435.000 439.000 441.000 441.000 440.000 435.000 429.000 418.000 390.133 113.000 117.857 133.714 162.571 199.429 236.286 273.143 310.000 346.857 383.714 420.571 457.429 494.286 531.143 568.000 604.857 641.714 678.571 715.429 752.286 789.143 826.000 787.750 754.500 730.250 720.000 713.750 708.000 705.000 703.000 661.867 620.733 579.600 538.467 497.333 456.200 415.067 373.933 332.800 291.667 250.533 209.400 168.267 129.133
363.000 321.381 279.762 238.143 207.000 188.000 175.000 169.000 167.000 166.000 163.000 167.000 168.000 168.000 164.000 155.000 147.000 146.000 149.000 157.000 168.000 187.000 203.000 234.750 267.125 299.500 331.875 364.250 396.625 429.000 429.000 439.000 446.000 448.000 449.000 447.000 448.000 454.000 462.000 461.000 451.000 448.000 447.200 411.600 57.000 67.000 88.238 121.857 162.476 204.095 245.714 287.333 328.952 370.571 412.190 453.810 495.429 537.048 578.667 620.286 661.905 703.524 745.143 786.762 828.381 870.000 837.625 806.250 780.000 760.000 749.000 740.000 737.625 741.000 692.400 643.800 595.200 546.600 498.000 449.400 400.800 352.200 303.600 255.000 206.400 157.800 109.200 68.600
378.000 333.524 289.048 244.571 207.000 183.000 170.000 163.000 159.000 152.000 147.000 141.000 135.000 132.000 126.000 118.857 108.000 105.000 101.429 95.000 100.000 119.000 157.375 193.750 232.125 270.500 308.875 347.250 385.625 424.000 419.000 414.000 414.000 426.000 437.000 442.000 451.000 458.733 461.000 461.000 461.000 458.000 452.000 427.467 38.000 46.000 65.000 92.429 135.905 180.381 224.857 269.333 313.810 358.286 402.762 447.238 491.714 536.190 580.667 625.143 669.619 714.095 758.571 803.048 847.524 892.000 856.625 820.250 804.875 798.000 790.000 774.750 754.000 745.000 695.533 646.067 596.600 547.133 497.667 448.200 398.733 349.267 299.800 250.333 200.867 151.400 101.933 56.467
344.000 305.619 267.238 228.857 194.476 174.000 159.714 146.333 137.000 131.000 126.190 118.810 111.000 102.000 88.667 74.000 62.905 47.000 40.000 39.000 42.000 53.000 72.375 97.750 138.125 184.500 230.875 277.250 323.625 370.000 377.000 376.000 377.000 373.000 374.000 388.000 407.000 424.400 446.000 455.000 455.000 445.400 424.600 385.800 121.000 135.000 162.762 195.000 229.524 267.905 306.286 344.667 383.048 421.429 459.810 498.190 536.571 574.952 613.333 651.714 690.095 728.476 766.857 805.238 843.619 882.000 835.625 789.250 748.000 717.500 701.000 695.000 695.000 705.000 663.200 621.400 579.600 537.800 496.000 454.200 412.400 370.600 328.800 287.000 245.200 203.400 161.600 128.000
365.000 322.333 279.667 237.000 204.333 188.000 180.000 173.333 168.000 163.000 157.333 154.000 150.000 145.000 141.000 139.000 136.000 134.000 134.000 141.000 150.000 157.000 164.375 177.750 204.125 234.500 266.875 299.250 331.625 364.000 372.000 365.600 374.000 396.000 404.000 407.000 411.000 412.000 426.000 427.000 426.000 425.000 423.000 407.200 79.000 82.667 105.000 131.000 171.667 214.333 257.000 299.667 342.333 385.000 427.667 470.333 513.000 555.667 598.333 641.000 683.667 726.333 769.000 811.667 854.333 897.000 864.625 832.250 799.875 769.500 746.125 732.750 725.000 709.000 664.800 620.600 576.400 532.200 488.000 443.800 399.600 355.400 311.200 267.000 222.800 178.600 134.400 90.200
388.000 350.571 313.143 275.714 248.286 227.857 213.429 205.000 201.000 197.000 196.000 195.000 192.000 187.000 181.000 170.000 155.000 141.714 132.000 125.857 120.000 116.000 154.750 193.500 232.250 271.000 309.750 348.500 387.250 426.000 416.000 419.000 427.400 442.000 446.000 450.000 451.000 453.000 452.000 451.000 453.000 456.000 453.000 428.133 103.000 109.429 123.857 149.286 186.714 224.143 261.571 299.000 336.429 373.857 411.286 448.714 486.143 523.571 561.000 598.429 635.857 673.286 710.714 748.143 785.571 823.000 791.250 756.000 722.750 692.000 685.000 684.000 681.000 670.000 629.867 589.733 549.600 509.467 469.333 429.200 389.067 348.933 308.800 268.667 228.533 188.400 148.267 114.000
391.000 351.571 312.143 272.714 234.286 199.857 175.000 160.000 151.000 142.000 137.000 134.000 129.000 131.000 131.000 131.000 130.000 127.000 125.286 125.000 129.000 142.000 160.000 187.000 228.000 272.000 316.000 360.000 404.000 448.000 434.000 418.000 411.000 418.000 437.000 450.000 460.000 465.000 468.000 470.000 468.000 464.000 461.000 432.000 46.000 54.429 68.000 86.000 120.714 160.143 199.571 239.000 278.429 317.857 357.286 396.714 436.143 475.571 515.000 554.429 593.857 633.286 672.714 712.143 751.571 791.000 747.000 703.000 660.000 633.000 622.000 620.000 623.000 624.000 583.000 542.000 501.000 460.000 419.000 378.000 337.000 296.000 255.000 214.000 173.000 132.000 91.000 54.000
342.000 292.095 242.190 194.000 152.381 120.476 101.571 86.000 73.762 69.000 66.000 63.000 61.000 58.000 53.000 46.000 36.000 31.000 27.000 27.000 30.000 38.000 66.250 98.500 140.750 183.000 225.250 267.500 309.750 352.000 384.000 377.133 374.000 381.000 407.667 412.000 413.000 418.000 428.000 444.000 449.000 447.000 427.867 394.933 34.000 40.000 56.809 91.714 141.619 191.524 241.429 291.333 341.238 391.143 441.048 490.952 540.857 590.762 640.667 690.571 740.476 790.381 840.286 890.190 940.095 990.000 947.750 907.500 874.000 844.000 815.750 796.000 790.000 788.000 735.067 682.133 629.200 576.267 523.333 470.400 417.467 364.533 311.600 258.667 205.733 152.800 99.867 47.933
370.000 336.143 302.286 268.429 242.000 224.000 210.000 198.000 191.000 184.000 179.000 176.571 172.000 168.000 166.000 161.000 155.000 150.000 146.000 141.000 140.000 150.000 178.625 207.250 235.875 264.500 293.125 321.750 350.375 379.000 367.000 375.400 396.600 420.000 439.000 444.000 449.000 461.600 475.800 479.000 473.000 461.000 445.400 411.200 70.000 74.857 85.000 107.571 141.429 175.286 209.143 243.000 276.857 310.714 344.571 378.429 412.286 446.143 480.000 513.857 547.714 581.571 615.429 649.286 683.143 717.000 694.375 673.750 657.000 646.500 644.000 643.000 645.000 648.000 606.800 565.600 524.400 483.200 442.000 400.800 359.600 318.400 277.200 236.000 194.800 153.600 112.400 78.000
391.000 344.619 298.238 252.857 211.476 173.000 147.000 130.000 119.000 116.000 113.000 111.000 104.000 95.000 86.000 80.000 66.000 62.000 56.000 52.000 51.000 58.000 82.000 114.250 162.875 212.500 262.125 311.750 361.375 411.000 398.000 402.533 422.000 426.000 428.000 435.000 446.000 454.133 465.000 470.000 475.000 476.000 471.000 440.267 41.000 48.000 70.762 103.143 149.524 195.905 242.286 288.667 335.048 381.429 427.810 474.190 520.571 566.952 613.333 659.714 706.095 752.476 798.857 845.238 891.619 938.000 888.375 838.750 801.125 770.500 757.000 752.000 749.000 741.000 691.733 642.467 593.200 543.933 494.667 445.400 396.133 346.867 297.600 248.333 199.067 149.800 100.533 55.267
349.000 311.857 274.714 237.571 216.000 204.000 199.000 194.000 190.000 186.000 182.000 175.000 171.000 169.000 167.000 164.000 158.000 148.571 135.429 127.000 125.000 128.000 158.500 194.000 231.500 269.000 306.500 344.000 381.500 419.000 437.000 441.000 449.000 466.000 468.000 469.000 474.000 477.000 480.400 484.000 482.400 472.800 436.200 392.600 42.000 48.000 70.000 99.429 134.571 171.714 208.857 246.000 283.143 320.286 357.429 394.571 431.714 468.857 506.000 543.143 580.286 617.429 654.571 691.714 728.857 766.000 728.500 699.000 676.500 659.000 656.500 654.000 642.000 632.000 588.400 544.800 501.200 457.600 414.000 370.400 326.800 283.200 239.600 196.000 152.400 108.800 67.200 47.000
356.000 318.714 281.429 244.143 215.857 195.571 187.000 181.000 176.000 173.000 172.000 172.000 171.000 167.000 158.000 152.000 147.000 140.000 136.000 136.000 139.000 142.000 161.375 177.000 207.125 238.500 269.875 301.250 332.625 364.000 395.000 387.000 395.000 406.400 418.000 420.000 423.000 434.800 449.000 450.000 446.000 440.000 431.000 399.600 90.000 101.286 120.571 154.857 192.143 229.429 266.714 304.000 341.286 378.571 415.857 453.143 490.429 527.714 565.000 602.286 639.571 676.857 714.143 751.429 788.714 826.000 794.625 763.250 734.875 711.500 700.000 695.000 697.000 705.000 663.400 619.800 576.200 532.600 489.000 445.400 401.800 358.200 314.600 271.000 227.400 183.800 140.200 100.600
388.000 343.905 299.810 255.714 219.619 201.524 187.000 177.000 165.000 155.143 149.000 145.000 138.000 129.000 120.000 117.000 113.000 108.000 104.000 107.000 122.000 136.000 149.750 177.500 218.250 259.000 299.750 340.500 381.250 422.000 399.000 391.000 391.000 404.000 427.000 453.000 466.000 471.000 479.000 485.000 489.000 489.000 474.667 436.333 85.000 99.000 122.190 152.286 196.381 240.476 284.571 328.667 372.762 416.857 460.952 505.048 549.143 593.238 637.333 681.429 725.524 769.619 813.714 857.810 901.905 946.000 905.250 865.500 836.750 817.000 803.250 789.000 775.000 756.000 707.667 659.333 611.000 562.667 514.333 466.000 417.667 369.333 321.000 272.667 224.333 176.000 127.667 89.333
417.000 378.667 340.333 306.000 267.667 235.333 216.000 199.667 186.000 174.000 162.667 151.000 141.000 132.667 126.000 122.000 118.000 113.333 107.000 105.000 104.000 109.000 132.000 169.750 215.125 261.500 307.875 354.250 400.625 447.000 463.000 460.000 467.000 473.000 477.000 482.000 486.000 490.000 495.000 500.000 502.000 503.000 492.867 458.933 64.000 68.000 83.000 119.000 155.333 193.667 232.000 270.333 308.667 347.000 385.333 423.667 462.000 500.333 538.667 577.000 615.333 653.667 692.000 730.333 768.667 807.000 760.625 714.250 678.875 656.000 648.000 649.000 652.000 665.000 623.067 581.133 539.200 497.267 455.333 413.400 371.467 329.533 287.600 245.667 203.733 161.800 119.867 82.000
359.000 317.476 275.952 234.429 203.905 168.381 155.857 145.333 141.810 135.000 131.000 130.000 126.000 122.000 118.000 117.000 115.000 114.000 110.000 111.000 122.476 145.000 155.125 177.000 200.375 238.500 277.625 316.750 355.875 395.000 391.000 399.000 404.000 409.000 416.000 424.000 425.000 432.000 435.000 437.000 441.000 439.000 431.400 400.200 60.000 74.524 89.048 115.000 154.095 195.619 237.143 278.667 320.190 361.714 403.238 444.762 486.286 527.810 569.333 610.857 652.381 693.905 735.429 776.952 818.476 860.000 820.875 781.750 742.625 719.000 694.000 679.250 664.125 644.000 602.800 561.600 520.400 479.200 438.000 396.800 355.600 314.400 273.200 232.000 190.800 149.600 108.400 72.000
385.000 346.619 308.238 269.857 233.000 205.095 184.000 166.000 151.952 138.000 127.190 119.000 113.429 111.000 105.000 100.286 92.000 86.000 82.000 76.762 71.000 69.000 111.125 157.250 203.375 249.500 295.625 341.750 387.875 434.000 431.000 425.733 421.000 425.533 449.667 452.000 455.000 457.000 456.000 458.000 460.467 463.000 459.267 427.133 103.000 107.381 124.000 146.000 175.524 213.905 252.286 290.667 329.048 367.429 405.810 444.190 482.571 520.952 559.333 597.714 636.095 674.476 712.857 751.238 789.619 828.000 782.875 751.000 732.625 718.000 703.000 700.000 703.000 697.000 654.867 612.733 570.600 528.467 486.333 444.200 402.067 359.933 317.800 275.667 233.533 191.400 149.267 111.000
378.000 337.333 296.667 257.000 226.000 194.667 182.000 172.000 163.667 157.000 157.000 158.000 158.000 157.000 157.000 156.000 153.000 150.000 147.000 147.000 149.000 158.000 177.000 201.000 235.000 272.000 309.000 346.000 383.000 420.000 413.000 381.600 366.000 370.000 393.000 420.200 448.400 462.000 464.000 472.000 477.000 477.000 461.000 425.200 147.000 154.000 170.000 200.000 240.667 281.333 322.000 362.667 403.333 444.000 484.667 525.333 566.000 606.667 647.333 688.000 728.667 769.333 810.000 850.667 891.333 932.000 895.000 858.000 828.000 818.000 812.000 811.000 813.000 818.000 770.800 723.600 676.400 629.200 582.000 534.800 487.600 440.400 393.200 346.000 298.800 251.600 204.400 160.000
383.000 338.619 294.238 249.857 211.476 189.000 172.714 161.000 152.000 145.000 139.000 134.000 129.000 123.000 119.000 117.000 110.905 104.000 100.000 100.000 101.000 106.000 137.375 176.750 218.125 259.500 300.875 342.250 383.625 425.000 430.000 429.000 428.000 435.000 443.000 453.000 455.000 458.000 467.000 483.000 488.000 484.000 470.000 429.600 112.000 120.000 134.000 171.143 215.524 259.905 304.286 348.667 393.048 437.429 481.810 526.190 570.571 614.952 659.333 703.714 748.095 792.476 836.857 881.238 925.619 970.000 928.625 890.250 853.875 827.000 809.000 793.000 779.375 769.000 722.400 675.800 629.200 582.600 536.000 489.400 442.800 396.200 349.600 303.000 256.400 209.800 163.200 125.000
384.000 337.857 291.714 259.571 231.429 205.000 181.143 164.000 154.000 145.000 141.000 144.000 142.000 139.000 136.000 132.000 129.000 127.000 126.000 124.000 125.000 144.000 166.000 185.000 220.000 262.000 304.000 346.000 388.000 430.000 420.200 408.000 395.000 402.200 429.000 440.000 450.000 458.000 461.000 466.000 470.000 471.000 462.000 434.800 65.000 67.000 95.286 141.429 187.571 233.714 279.857 326.000 372.143 418.286 464.429 510.571 556.714 602.857 649.000 695.143 741.286 787.429 833.571 879.714 925.857 972.000 930.000 888.000 851.000 824.000 810.000 803.000 799.000 796.000 745.200 694.400 643.600 592.800 542.000 491.200 440.400 389.600 338.800 288.000 237.200 186.400 135.600 85.800
367.000 322.571 278.143 233.714 189.286 159.000 144.000 137.000 130.000 124.000 122.000 118.000 112.000 104.000 100.000 92.571 80.000 75.000 72.000 74.143 79.000 89.000 108.000 131.000 167.625 212.500 257.375 302.250 347.125 392.000 393.000 390.000 395.000 413.000 428.000 436.000 438.000 442.000 446.000 452.000 458.267 458.000 445.867 411.933 83.000 88.000 103.857 131.286 167.714 211.143 255.571 300.000 344.429 388.857 433.286 477.714 522.143 566.571 611.000 655.429 699.857 744.286 788.714 833.143 877.571 922.000 877.125 832.250 788.375 755.000 733.625 719.750 717.000 716.000 671.067 626.133 581.200 536.267 491.333 446.400 401.467 356.533 311.600 266.667 221.733 176.800 131.867 92.933
386.000 345.571 305.143 265.714 228.286 203.857 195.000 189.000 183.000 180.000 182.000 185.000 189.000 194.000 194.000 192.000 192.000 193.000 191.000 184.000 185.000 194.000 208.000 234.750 267.625 300.500 333.375 366.250 399.125 432.000 450.000 444.000 441.000 450.000 458.000 459.000 464.000 474.000 487.000 496.000 500.000 498.000 481.200 435.600 56.000 64.000 83.857 117.286 157.714 198.143 238.571 279.000 319.429 359.857 400.286 440.714 481.143 521.571 562.000 602.429 642.857 683.286 723.714 764.143 804.571 845.000 812.125 782.000 765.000 749.000 739.000 736.750 743.000 753.000 703.400 653.800 604.200 554.600 505.000 455.400 405.800 356.200 306.600 257.000 207.400 157.800 108.200 69.600
359.000 319.381 279.762 240.143 205.524 184.000 166.286 152.667 144.048 137.000 131.000 131.000 133.000 133.000 133.000 127.000 126.000 129.000 124.000 123.000 124.000 130.000 148.500 167.000 203.500 240.000 276.500 313.000 349.500 386.000 382.000 378.000 374.000 384.000 405.000 413.000 422.000 426.000 429.000 437.000 443.000 443.000 429.000 404.000 90.000 103.619 131.238 164.857 203.476 243.095 282.714 322.333 361.952 401.571 441.190 480.810 520.429 560.048 599.667 639.286 678.905 718.524 758.143 797.762 837.381 877.000 840.500 804.000 771.500 751.000 743.000 737.000 731.000 720.000 675.000 630.000 585.000 540.000 495.000 450.000 405.000 360.000 315.000 270.000 225.000 180.000 135.000 94.000
339.000 295.810 252.619 210.429 176.238 156.000 146.000 136.000 132.000 130.000 129.000 133.000 135.000 136.000 132.000 123.000 116.000 109.000 107.000 107.000 109.810 118.000 135.000 157.500 194.250 233.000 271.750 310.500 349.250 388.000 387.000 398.000 407.200 418.000 427.000 425.000 428.000 436.000 448.000 450.000 449.000 444.000 429.133 388.067 128.000 142.000 166.381 200.571 243.762 286.952 330.143 373.333 416.524 459.714 502.905 546.095 589.286 632.476 675.667 718.857 762.048 805.238 848.429 891.619 934.810 978.000 939.250 900.500 864.000 832.000 810.000 804.000 808.000 815.000 765.933 716.867 667.800 618.733 569.667 520.600 471.533 422.467 373.400 324.333 275.267 226.200 177.133 138.067
380.000 337.810 295.619 253.429 219.000 194.048 176.857 162.000 153.476 145.000 138.095 130.905 125.000 123.000 121.000 117.000 113.000 110.000 115.000 121.000 130.810 149.000 171.000 207.000 245.500 284.000 322.500 361.000 399.500 438.000 417.067 414.000 425.000 436.000 420.000 412.000 416.000 432.000 451.000 453.000 451.000 449.000 444.000 428.000 76.000 87.191 111.381 147.000 188.762 230.952 273.143 315.333 357.524 399.714 441.905 484.095 526.286 568.476 610.667 652.857 695.048 737.238 779.429 821.619 863.810 906.000 867.500 833.000 814.500 802.000 795.000 792.000 788.500 783.000 734.067 685.133 636.200 587.267 538.333 489.400 440.467 391.533 342.600 293.667 244.733 195.800 146.867 97.933
370.000 327.905 285.810 246.714 208.619 180.524 166.429 159.000 152.000 148.000 147.000 144.000 140.857 138.000 134.000 130.000 126.000 119.000 114.000 111.000 108.000 116.000 131.375 158.750 196.125 239.500 282.875 326.250 369.625 413.000 397.467 391.000 393.000 401.133 421.667 437.200 448.000 456.000 463.000 469.000 467.000 466.000 455.067 416.533 73.000 79.095 100.190 137.286 178.381 220.476 262.571 304.667 346.762 388.857 430.952 473.048 515.143 557.238 599.333 641.429 683.524 725.619 767.714 809.810 851.905 894.000 850.625 807.250 766.875 737.000 718.000 710.000 715.000 727.000 680.467 633.933 587.400 540.867 494.333 447.800 401.267 354.733 308.200 261.667 215.133 168.600 122.067 83.000
409.000 369.476 329.952 290.429 251.905 229.381 213.000 199.333 189.000 180.000 169.000 162.238 156.000 147.000 137.667 124.000 112.000 99.000 91.000 84.000 83.000 87.000 108.000 132.750 166.125 199.500 232.875 266.250 299.625 333.000 368.733 384.000 404.000 412.000 418.000 434.000 446.133 461.000 476.000 485.000 489.000 491.000 482.000 450.733 110.000 113.524 125.048 154.571 187.095 226.619 266.143 305.667 345.190 384.714 424.238 463.762 503.286 542.810 582.333 621.857 661.381 700.905 740.429 779.952 819.476 859.000 825.625 793.000 765.875 744.000 724.000 708.000 699.000 692.000 655.267 613.533 571.800 530.067 488.333 446.600 404.867 363.133 321.400 279.667 237.933 196.200 154.467 119.733
366.000 330.619 295.238 259.857 224.476 198.000 183.000 169.000 162.952 154.000 148.000 144.000 142.000 143.000 141.000 136.286 130.000 125.000 122.000 119.000 116.000 112.000 141.125 175.250 209.375 243.500 277.625 311.750 345.875 380.000 378.000 378.000 380.000 387.000 393.000 399.000 401.000 409.000 421.800 430.000 435.000 436.000 427.400 406.000 44.000 49.000 67.762 92.000 114.000 148.905 184.286 219.667 255.048 290.429 325.810 361.190 396.571 431.952 467.333 502.714 538.095 573.476 608.857 644.238 679.619 715.000 680.875 656.750 645.000 635.500 635.625 638.000 643.000 648.000 605.800 563.600 521.400 479.200 437.000 394.800 352.600 310.400 268.200 226.000 183.800 141.600 99.400 57.200
376.000 332.952 289.905 246.857 204.810 175.762 156.714 144.000 137.619 130.571 128.000 125.000 119.000 111.000 103.000 96.000 85.000 81.000 78.000 77.000 78.000 79.000 101.125 133.000 168.375 218.500 268.625 318.750 368.875 419.000 405.000 397.000 401.000 409.000 416.000 420.000 428.000 436.000 445.000 449.000 449.000 445.000 438.000 415.000 132.000 138.000 153.000 174.143 209.190 252.238 295.286 338.333 381.381 424.429 467.476 510.524 553.571 596.619 639.667 682.714 725.762 768.810 811.857 854.905 897.952 941.000 890.875 840.750 790.625 761.000 753.000 755.000 761.000 762.000 719.000 676.000 633.000 590.000 547.000 504.000 461.000 418.000 375.000 332.000 289.000 246.000 203.000 160.000
348.000 308.714 269.429 230.143 190.857 163.000 152.000 144.000 139.000 135.000 132.000 130.000 118.571 107.000 95.000 82.714 69.429 61.000 52.000 42.000 37.000 42.000 71.000 96.000 139.000 187.000 235.000 283.000 331.000 379.000 383.000 385.000 389.000 404.000 412.000 414.000 417.000 428.000 444.000 451.000 451.000 444.200 424.800 387.400 82.000 90.000 105.571 130.000 166.143 205.429 244.714 284.000 323.286 362.571 401.857 441.143 480.429 519.714 559.000 598.286 637.571 676.857 716.143 755.429 794.714 834.000 786.000 738.000 694.000 658.000 635.000 633.000 636.000 636.000 596.600 557.200 517.800 478.400 439.000 399.600 360.200 320.800 281.400 242.000 202.600 163.200 123.800 91.400
337.000 291.476 245.952 202.429 176.000 152.381 142.000 139.333 136.000 133.000 133.000 133.000 130.000 129.000 125.000 122.000 120.000 118.000 119.000 130.952 145.000 162.000 178.000 206.250 239.375 280.500 321.625 362.750 403.875 445.000 433.000 425.000 431.000 440.000 446.000 446.000 446.000 445.000 450.000 453.000 458.000 454.000 435.867 389.933 53.000 71.000 100.048 145.571 191.095 236.619 282.143 327.667 373.190 418.714 464.238 509.762 555.286 600.810 646.333 691.857 737.381 782.905 828.429 873.952 919.476 965.000 923.875 882.750 843.625 817.500 797.000 783.000 774.000 773.000 720.067 667.133 614.200 561.267 508.333 455.400 402.467 349.533 296.600 243.667 190.733 137.800 84.867 51.000
404.000 355.238 306.476 257.714 208.952 170.190 149.000 141.000 137.000 132.000 128.000 122.000 110.000 98.000 86.000 76.000 70.000 62.048 56.000 51.524 55.000 80.000 112.750 139.000 176.250 216.000 255.750 295.500 335.250 375.000 406.000 390.000 385.000 406.000 434.000 442.000 445.000 458.000 464.000 475.000 482.000 481.000 476.000 456.800 97.000 105.000 127.524 156.286 200.000 243.810 292.571 341.333 390.095 438.857 487.619 536.381 585.143 633.905 682.667 731.429 780.190 828.952 877.714 926.476 975.238 1024.000 984.250 944.500 906.750 880.000 860.000 848.000 848.250 854.000 804.200 751.400 698.600 645.800 593.000 540.200 487.400 434.600 381.800 329.000 276.200 223.400 170.600 118.800
416.000 378.048 340.095 302.143 264.190 230.238 208.286 194.000 178.000 164.000 152.000 144.000 139.000 136.000 130.000 129.000 123.762 116.000 106.857 103.000 101.000 100.000 117.250 144.500 183.750 223.000 262.250 301.500 340.750 380.000 392.000 411.800 433.000 449.000 467.000 492.400 501.000 505.000 508.000 517.000 522.000 518.000 500.800 459.400 77.000 82.000 99.000 128.857 158.810 190.762 228.714 266.667 304.619 342.571 380.524 418.476 456.429 494.381 532.333 570.286 608.238 646.190 684.143 722.095 760.048 798.000 758.750 720.500 690.250 672.000 664.000 666.000 673.000 689.000 645.600 602.200 558.800 515.400 472.000 428.600 385.200 341.800 298.400 255.000 211.600 168.200 124.800 93.400
382.000 336.571 291.143 245.714 205.286 184.000 165.429 149.000 141.000 135.000 127.000 119.000 112.000 101.000 92.000 83.571 74.000 62.000 58.286 57.000 51.000 60.000 86.625 118.250 159.875 201.500 243.125 284.750 326.375 368.000 367.000 354.733 350.000 353.000 368.000 367.000 372.000 382.067 411.000 421.000 429.000 431.000 440.000 430.133 93.000 100.000 120.000 163.286 207.714 253.143 298.571 344.000 389.429 434.857 480.286 525.714 571.143 616.571 662.000 707.429 752.857 798.286 843.714 889.143 934.571 980.000 938.375 896.750 864.000 853.500 856.000 857.000 856.000 842.000 790.867 739.733 688.600 637.467 586.333 535.200 484.067 432.933 381.800 330.667 279.533 228.400 177.267 126.133
415.000 380.762 346.524 312.286 278.048 250.810 232.000 215.333 200.095 188.000 180.000 170.381 159.143 150.000 143.000 139.000 133.190 128.000 123.000 117.000 102.000 92.000 126.125 160.250 194.375 228.500 262.625 296.750 330.875 365.000 373.000 382.267 411.000 448.533 484.667 494.000 501.000 509.000 512.000 514.000 511.000 507.400 487.267 458.000 108.000 116.238 131.000 155.714 185.952 220.190 254.429 288.667 322.905 357.143 391.381 425.619 459.857 494.095 528.333 562.571 596.810 631.048 665.286 699.524 733.762 768.000 738.000 711.750 690.000 688.000 693.000 695.000 704.000 731.000 687.867 644.733 601.600 558.467 515.333 472.200 429.067 385.933 342.800 299.667 256.533 213.400 170.267 127.133
355.000 312.381 269.762 227.143 188.000 170.905 162.286 156.000 151.000 148.000 145.000 142.000 138.000 135.000 132.333 128.000 122.000 118.000 115.000 120.000 129.000 142.000 154.000 179.000 209.500 246.000 285.500 325.000 364.500 404.000 390.000 377.000 378.000 388.000 401.000 412.000 412.000 416.000 419.000 420.000 427.000 429.000 423.000 399.467 97.000 113.000 136.238 168.000 205.476 248.095 290.714 333.333 375.952 418.571 461.190 503.810 546.429 589.048 631.667 674.286 716.905 759.524 802.143 844.762 887.381 930.000 890.500 851.000 811.500 785.000 770.000 763.000 763.000 768.000 721.533 675.067 628.600 582.133 535.667 489.200 442.733 396.267 349.800 303.333 256.867 210.400 163.933 117.467
396.000 360.190 324.381 289.571 254.762 221.000 201.143 188.333 177.524 171.000 168.000 165.000 165.000 166.000 164.000 157.000 150.000 147.000 145.000 142.000 138.000 143.000 174.750 208.500 242.250 276.000 309.750 343.500 377.250 411.000 411.000 413.000 419.200 430.000 423.000 425.000 436.000 450.000 474.600 480.000 478.000 474.000 465.000 437.733 87.000 90.000 105.000 137.429 172.238 206.048 241.857 277.667 313.476 349.286 385.095 420.905 456.714 492.524 528.333 564.143 599.952 635.762 671.571 707.381 743.190 779.000 745.250 717.500 696.750 684.000 685.750 695.000 708.750 690.000 648.267 606.533 564.800 523.067 481.333 439.600 397.867 356.133 314.400 272.667 230.933 189.200 147.467 106.000
381.000 342.667 304.333 266.000 230.000 205.333 189.000 176.667 169.000 164.000 159.000 156.000 151.000 146.000 139.000 132.000 126.000 114.000 107.000 109.000 109.000 110.000 129.000 152.750 192.125 231.500 270.875 310.250 349.625 389.000 380.000 377.000 384.000 408.000 422.000 429.000 432.467 439.000 446.600 453.000 458.000 459.000 447.000 420.067 94.000 96.333 113.000 141.000 176.333 214.667 253.000 291.333 329.667 368.000 406.333 444.667 483.000 521.333 559.667 598.000 636.333 674.667 713.000 751.333 789.667 828.000 788.625 749.250 716.875 691.000 675.000 669.000 665.000 653.000 613.933 574.867 535.800 496.733 457.667 418.600 379.533 340.467 301.400 262.333 223.267 184.200 145.133 109.067
385.000 343.571 302.143 262.714 227.000 204.857 191.000 179.000 170.571 165.000 160.714 154.000 149.000 144.000 140.000 134.571 129.000 126.000 125.000 121.000 123.000 141.000 156.000 175.250 210.375 249.500 288.625 327.750 366.875 406.000 392.000 384.400 387.000 406.200 431.000 441.000 442.000 443.000 453.000 469.000 475.000 472.000 460.000 429.800 48.000 55.000 72.857 110.286 150.714 192.143 233.571 275.000 316.429 357.857 399.286 440.714 482.143 523.571 565.000 606.429 647.857 689.286 730.714 772.143 813.571 855.000 815.875 776.750 741.625 717.500 706.000 694.000 692.000 688.000 643.200 598.400 553.600 508.800 464.000 419.200 374.400 329.600 284.800 240.000 195.200 150.400 105.600 62.000
363.000 317.000 271.000 225.000 181.000 153.000 130.000 116.000 108.000 107.000 103.000 104.000 104.000 105.000 106.000 100.000 94.000 87.000 83.000 80.000 78.000 90.000 116.000 149.500 192.250 235.000 277.750 320.500 363.250 406.000 408.000 405.000 410.000 426.400 434.000 433.000 438.200 457.000 461.000 461.000 459.000 460.000 458.000 416.600 18.000 26.000 46.000 76.000 122.000 168.000 214.000 260.000 306.000 352.000 398.000 444.000 490.000 536.000 582.000 628.000 674.000 720.000 766.000 812.000 858.000 904.000 861.250 819.500 790.000 765.000 748.000 744.000 759.000 773.000 719.400 665.800 612.200 558.600 505.000 451.400 397.800 344.200 290.600 237.000 183.400 129.800 76.200 35.000
386.000 347.857 309.714 271.571 241.429 218.286 203.000 193.000 186.000 184.000 180.000 175.000 175.000 172.000 168.000 166.000 164.000 161.000 155.429 151.000 150.000 155.000 181.625 215.250 248.875 282.500 316.125 349.750 383.375 417.000 423.000 423.000 433.000 448.000 463.000 470.000 466.000 471.000 470.000 472.000 469.000 469.000 466.600 432.800 82.000 91.000 108.000 135.429 171.571 209.714 247.857 286.000 324.143 362.286 400.429 438.571 476.714 514.857 553.000 591.143 629.286 667.429 705.571 743.714 781.857 820.000 786.375 753.750 727.125 713.500 708.000 710.750 722.000 735.000 688.200 641.400 594.600 547.800 501.000 454.200 407.400 360.600 313.800 267.000 220.200 173.400 126.600 89.800
359.000 313.286 267.571 221.857 189.143 170.000 156.000 147.000 143.000 137.000 134.000 132.000 130.000 123.000 114.000 101.000 89.000 82.000 82.000 84.000 91.000 101.000 124.875 155.750 203.625 251.500 299.375 347.250 395.125 443.000 424.400 408.000 406.000 418.000 425.000 437.000 438.000 442.000 454.000 459.000 459.000 453.000 443.000 408.600 62.000 69.000 96.000 133.143 178.857 224.571 270.286 316.000 361.714 407.429 453.143 498.857 544.571 590.286 636.000 681.714 727.429 773.143 818.857 864.571 910.286 956.000 908.125 860.250 819.375 791.000 776.625 772.000 770.000 770.000 720.400 670.800 621.200 571.600 522.000 472.400 422.800 373.200 323.600 274.000 224.400 174.800 125.200 77.600
419.000 382.095 345.190 308.286 276.381 252.476 234.000 226.000 221.000 217.000 216.000 216.000 215.000 213.000 216.000 216.000 213.000 206.000 203.000 201.000 196.000 197.000 212.000 241.000 277.000 314.000 351.000 388.000 425.000 462.000 443.000 430.000 428.000 436.933 463.000 479.000 489.000 506.867 513.600 516.000 516.000 509.000 494.467 460.733 86.000 102.000 121.810 153.714 189.619 226.524 263.429 300.333 337.238 374.143 411.048 447.952 484.857 521.762 558.667 595.571 632.476 669.381 706.286 743.190 780.095 817.000 780.000 743.000 711.000 684.000 668.000 664.000 668.000 670.000 628.267 586.533 544.800 503.067 461.333 419.600 377.867 336.133 294.400 252.667 210.933 169.200 127.467 87.733
326.000 282.190 239.000 202.571 176.000 155.000 136.000 128.333 119.524 114.000 110.000 104.000 97.000 91.000 82.000 69.857 54.000 41.000 39.000 40.000 37.000 37.000 63.375 92.750 140.125 187.500 234.875 282.250 329.625 377.000 364.000 359.000 363.000 375.000 385.000 397.000 408.000 418.000 424.800 432.000 435.000 432.000 415.067 378.533 70.000 85.809 117.619 161.429 205.238 249.048 292.857 336.667 380.476 424.286 468.095 511.905 555.714 599.524 643.333 687.143 730.952 774.762 818.571 862.381 906.190 950.000 902.625 855.250 813.875 794.000 790.000 794.250 802.000 811.000 758.467 705.933 653.400 600.867 548.333 495.800 443.267 390.733 338.200 285.667 233.133 180.600 128.067 82.533
369.000 329.381 289.762 251.143 219.524 198.905 185.000 176.000 170.000 165.000 160.000 155.190 150.000 143.952 137.000 131.000 120.000 109.000 98.000 95.000 93.000 94.000 120.375 149.750 190.125 230.500 270.875 311.250 351.625 392.000 408.400 411.000 419.000 424.000 439.000 455.000 460.200 467.000 471.000 476.000 478.000 471.000 454.200 413.600 11.000 23.000 42.000 73.857 113.476 153.095 192.714 232.333 271.952 311.571 351.190 390.810 430.429 470.048 509.667 549.286 588.905 628.524 668.143 707.762 747.381 787.000 746.625 706.250 671.875 651.000 646.125 658.000 651.000 641.000 596.400 551.800 507.200 462.600 418.000 373.400 328.800 284.200 239.600 195.000 150.400 105.800 61.200 20.600
385.000 341.190 297.381 253.571 210.762 180.952 164.000 147.000 141.000 128.000 124.000 117.095 114.000 111.000 107.000 105.000 105.000 102.000 101.000 106.000 111.000 119.000 132.875 156.750 193.625 236.500 279.375 322.250 365.125 408.000 405.000 391.267 393.000 409.000 430.333 433.200 438.000 444.000 461.000 467.000 470.000 470.000 467.000 429.867 77.000 82.000 101.000 139.429 174.238 218.048 261.857 305.667 349.476 393.286 437.095 480.905 524.714 568.524 612.333 656.143 699.952 743.762 787.571 831.381 875.190 919.000 876.125 833.250 790.375 767.000 749.000 739.750 724.875 704.000 659.133 614.267 569.400 524.533 479.667 434.800 389.933 345.067 300.200 255.333 210.467 165.600 120.733 85.000
360.000 319.952 279.905 239.857 204.000 177.000 164.714 159.000 156.000 154.000 154.000 154.000 154.000 153.000 153.667 153.000 151.000 151.000 152.000 160.000 170.000 181.000 192.750 213.000 238.250 276.000 314.750 353.500 392.250 431.000 440.000 428.000 422.000 423.000 423.000 423.000 424.000 433.000 440.000 446.000 447.000 444.000 430.800 402.400 90.000 101.048 123.000 151.143 188.190 228.238 268.286 308.333 348.381 388.429 428.476 468.524 508.571 548.619 588.667 628.714 668.762 708.810 748.857 788.905 828.952 869.000 830.250 791.500 752.750 722.000 700.250 687.000 691.000 697.000 654.600 612.200 569.800 527.400 485.000 442.600 400.200 357.800 315.400 273.000 230.600 188.200 145.800 104.400
319.000 280.429 242.857 208.286 175.000 156.143 148.000 137.000 129.000 124.000 119.000 113.000 109.000 106.000 106.000 109.000 109.000 101.286 89.000 85.000 84.000 87.000 104.000 136.750 171.125 205.500 239.875 274.250 308.625 343.000 342.000 345.000 359.000 375.000 385.000 401.000 408.000 408.000 416.000 422.000 423.000 418.000 402.000 363.000 128.000 140.000 165.143 203.714 241.286 279.857 318.429 357.000 395.571 434.143 472.714 511.286 549.857 588.429 627.000 665.571 704.143 742.714 781.286 819.857 858.429 897.000 862.625 831.250 802.875 784.500 770.000 760.000 753.375 747.000 703.000 659.000 615.000 571.000 527.000 483.000 439.000 395.000 351.000 307.000 263.000 219.000 175.000 136.000
353.000 311.905 270.810 229.714 193.619 172.000 153.429 139.333 129.000 122.000 112.000 107.000 99.000 89.762 78.667 65.000 54.000 43.381 34.286 27.191 26.000 31.000 56.250 81.500 120.750 165.000 209.250 253.500 297.750 342.000 331.000 318.000 319.000 343.000 367.000 378.000 388.000 416.267 443.000 459.000 466.000 462.000 444.000 398.533 54.000 62.000 91.191 127.286 166.381 207.476 248.571 289.667 330.762 371.857 412.952 454.048 495.143 536.238 577.333 618.429 659.524 700.619 741.714 782.810 823.905 865.000 820.750 776.500 734.000 711.000 696.000 687.000 690.000 703.000 657.467 611.933 566.400 520.867 475.333 429.800 384.267 338.733 293.200 247.667 202.133 156.600 111.067 68.533
382.000 340.952 299.905 258.857 221.810 197.000 182.000 172.000 166.000 160.000 156.000 153.000 153.000 152.000 149.000 146.000 145.000 147.000 147.000 149.000 157.000 171.000 186.750 210.500 246.250 282.000 317.750 353.500 389.250 425.000 419.000 415.000 418.000 424.000 431.000 437.000 445.000 457.000 459.000 458.000 458.000 457.400 447.000 425.133 74.000 87.000 105.000 136.143 177.190 218.238 259.286 300.333 341.381 382.429 423.476 464.524 505.571 546.619 587.667 628.714 669.762 710.810 751.857 792.905 833.952 875.000 839.250 805.500 774.750 753.000 745.000 750.000 736.000 709.000 664.867 620.733 576.600 532.467 488.333 444.200 400.067 355.933 311.800 267.667 223.533 179.400 135.267 91.133
337.000 290.952 244.905 198.857 153.810 135.000 119.714 113.000 108.619 103.000 97.000 90.000 86.000 81.381 73.000 63.000 53.238 44.000 36.000 36.000 42.952 56.000 70.125 108.250 158.375 208.500 258.625 308.750 358.875 409.000 411.000 411.000 419.000 421.000 423.000 430.000 434.000 435.000 440.000 449.000 453.000 446.000 433.200 385.600 81.000 93.048 116.000 150.143 189.190 235.238 281.286 327.333 373.381 419.429 465.476 511.524 557.571 603.619 649.667 695.714 741.762 787.810 833.857 879.905 925.952 972.000 921.875 873.750 832.625 812.500 800.000 796.000 785.125 766.000 717.400 668.800 620.200 571.600 523.000 474.400 425.800 377.200 328.600 280.000 231.400 182.800 134.200 94.600
364.000 323.476 282.952 247.429 222.000 208.000 204.000 199.000 193.000 189.000 186.000 182.000 180.000 176.000 171.000 167.000 162.000 158.000 155.000 158.000 166.000 182.000 207.250 232.500 259.750 288.000 316.250 344.500 372.750 401.000 396.667 396.000 398.000 407.000 415.000 415.000 424.000 430.000 435.000 439.000 440.000 441.000 441.000 412.333 56.000 61.000 81.048 120.571 161.095 201.619 242.143 282.667 323.190 363.714 404.238 444.762 485.286 525.810 566.333 606.857 647.381 687.905 728.429 768.952 809.476 850.000 821.750 793.500 770.250 751.000 734.750 728.000 730.000 735.000 686.667 638.333 590.000 541.667 493.333 445.000 396.667 348.333 300.000 251.667 203.333 155.000 106.667 66.333
372.000 330.333 288.667 247.000 205.333 176.000 162.000 149.000 145.000 144.000 146.000 144.000 139.000 132.333 126.000 123.000 111.000 98.000 87.000 77.333 76.000 80.000 99.000 110.000 134.250 175.000 220.750 266.500 312.250 358.000 357.000 352.000 362.600 382.467 393.000 393.000 398.000 415.000 442.000 446.000 449.533 450.000 443.733 416.867 128.000 135.000 150.000 177.000 208.667 250.333 292.000 333.667 375.333 417.000 458.667 500.333 542.000 583.667 625.333 667.000 708.667 750.333 792.000 833.667 875.333 917.000 871.250 825.500 779.750 749.000 735.000 732.000 749.000 758.000 713.133 668.267 623.400 578.533 533.667 488.800 443.933 399.067 354.200 309.333 264.467 219.600 174.733 136.000
356.000 318.619 281.238 243.857 206.476 178.000 163.000 155.000 150.952 145.000 138.190 131.000 124.000 114.000 108.000 104.000 98.000 90.000 81.000 67.762 65.000 63.000 94.000 121.250 165.875 212.500 259.125 305.750 352.375 399.000 396.000 399.000 411.000 419.000 424.000 431.000 437.000 440.733 447.000 453.000 451.000 443.400 429.000 395.467 161.000 167.000 175.762 194.143 223.524 259.905 297.286 334.667 372.048 409.429 446.810 484.190 521.571 558.952 596.333 633.714 671.095 708.476 745.857 783.238 820.619 858.000 811.375 764.750 727.000 708.000 695.875 696.750 715.000 713.000 673.533 634.067 594.600 555.133 515.667 476.200 436.733 397.267 357.800 318.333 278.867 239.400 199.933 171.000
399.000 362.905 326.810 290.714 259.619 235.000 224.429 217.000 210.238 208.143 206.000 205.000 205.000 204.000 203.000 204.000 205.000 205.000 208.000 210.000 211.000 212.000 243.375 270.750 302.125 333.500 364.875 396.250 427.625 459.000 455.000 452.000 460.200 476.000 482.000 489.000 490.000 490.000 490.000 490.000 489.000 486.200 475.000 441.400 92.000 104.000 123.190 151.000 185.381 221.476 257.571 293.667 329.762 365.857 401.952 438.048 474.143 510.238 546.333 582.429 618.524 654.619 690.714 726.810 762.905 799.000 770.625 741.250 722.000 710.000 704.000 704.000 705.000 695.000 652.600 610.200 567.800 525.400 483.000 440.600 398.200 355.800 313.400 271.000 228.600 186.200 143.800 104.000
368.000 331.000 294.000 257.000 228.000 211.000 196.000 187.000 181.000 177.000 174.000 171.000 170.000 165.000 160.000 153.000 144.000 138.000 137.000 133.000 130.000 132.000 155.000 168.250 198.375 241.500 284.625 327.750 370.875 414.000 410.000 400.000 406.000 417.000 423.000 428.400 440.000 448.000 454.000 459.000 461.000 459.000 444.000 409.733 121.000 127.000 149.000 184.000 221.000 258.000 295.000 332.000 369.000 406.000 443.000 480.000 517.000 554.000 591.000 628.000 665.000 702.000 739.000 776.000 813.000 850.000 806.875 763.750 721.625 692.000 682.000 683.000 692.000 709.000 667.267 625.533 583.800 542.067 500.333 458.600 416.867 375.133 333.400 291.667 249.933 208.200 166.467 131.000
349.000 315.667 282.333 249.000 215.667 184.333 159.000 136.667 121.000 110.000 99.667 89.000 79.000 71.000 63.000 55.000 48.667 43.000 38.000 34.667 35.000 36.000 71.250 106.500 141.750 177.000 212.250 247.500 282.750 318.000 321.000 320.000 328.200 352.000 367.000 375.400 385.467 395.000 398.000 406.667 413.733 419.000 420.000 394.067 96.000 97.000 105.667 126.000 153.000 184.667 218.000 251.333 284.667 318.000 351.333 384.667 418.000 451.333 484.667 518.000 551.333 584.667 618.000 651.333 684.667 718.000 698.000 684.000 675.250 666.000 671.000 688.500 711.750 738.000 692.933 647.867 602.800 557.733 512.667 467.600 422.533 377.467 332.400 287.333 242.267 197.200 152.133 109.000
379.000 343.143 307.286 271.429 239.000 220.000 207.000 201.000 194.000 185.000 177.000 170.000 169.000 162.000 159.000 154.000 148.000 141.000 132.000 123.000 116.000 118.000 143.000 174.000 211.000 249.000 287.000 325.000 363.000 401.000 394.400 395.200 407.000 425.000 428.000 430.000 443.000 456.800 466.000 472.000 475.000 476.000 460.200 419.600 80.000 88.000 101.714 128.000 156.429 192.286 228.143 264.000 299.857 335.714 371.571 407.429 443.286 479.143 515.000 550.857 586.714 622.571 658.429 694.286 730.143 766.000 728.000 690.000 661.000 647.000 639.000 638.000 642.000 640.000 599.400 558.800 518.200 477.600 437.000 396.400 355.800 315.200 274.600 234.000 193.400 152.800 112.200 88.000
366.000 328.048 290.095 252.143 220.000 197.000 183.000 174.000 169.000 164.000 160.000 157.000 155.000 157.000 158.000 158.000 158.000 153.000 149.000 150.000 155.000 162.000 183.500 203.000 240.500 278.000 315.500 353.000 390.500 428.000 411.067 400.000 407.800 420.000 433.000 440.000 445.000 454.000 454.000 457.000 463.000 459.800 448.867 408.933 90.000 109.952 138.905 174.857 212.810 250.762 288.714 326.667 364.619 402.571 440.524 478.476 516.429 554.381 592.333 630.286 668.238 706.190 744.143 782.095 820.048 858.000 820.500 783.000 753.500 731.000 720.000 710.000 696.500 671.000 628.067 585.133 542.200 499.267 456.333 413.400 370.467 327.533 284.600 241.667 198.733 155.800 112.867 84.067
377.000 337.857 298.714 259.571 220.429 181.286 151.143 134.000 120.000 109.000 98.000 87.000 83.000 81.000 78.000 70.857 58.714 45.000 30.000 12.286 7.000 6.000 42.750 79.500 116.250 153.000 189.750 226.500 263.250 300.000 310.000 315.000 326.200 348.267 369.333 379.000 389.467 416.533 448.600 463.000 467.000 467.000 456.133 423.067 118.000 121.143 134.000 152.000 171.571 205.714 244.857 284.000 323.143 362.286 401.429 440.571 479.714 518.857 558.000 597.143 636.286 675.429 714.571 753.714 792.857 832.000 816.000 806.000 805.000 807.000 807.000 796.500 787.000 770.000 723.933 677.867 631.800 585.733 539.667 493.600 447.533 401.467 355.400 309.333 263.267 217.200 171.133 127.067
353.000 316.095 279.190 242.286 210.381 177.476 163.571 155.000 150.000 145.000 140.000 134.000 130.000 128.000 125.000 123.000 120.000 116.000 111.000 105.000 102.000 112.000 142.625 173.250 203.875 234.500 265.125 295.750 326.375 357.000 357.000 359.000 366.000 376.000 394.667 408.000 413.000 416.467 422.000 438.333 443.000 443.000 437.000 398.933 68.000 72.000 85.809 114.714 151.619 187.524 224.429 261.333 298.238 335.143 372.048 408.952 445.857 482.762 519.667 556.571 593.476 630.381 667.286 704.190 741.095 778.000 760.375 743.750 732.000 727.000 725.000 726.000 727.000 729.000 683.067 637.133 591.200 545.267 499.333 453.400 407.467 361.533 315.600 269.667 223.733 177.800 131.867 90.933
362.000 325.048 288.095 253.000 225.190 206.000 193.000 183.000 177.000 174.000 173.000 172.000 172.000 173.000 171.000 168.000 160.762 150.810 139.857 133.000 134.048 140.000 163.000 196.000 232.000 268.000 304.000 340.000 376.000 412.000 434.000 435.467 445.200 456.000 455.000 453.000 454.000 451.000 447.000 451.000 454.000 458.000 440.467 403.733 62.000 67.000 86.000 120.857 157.810 194.762 231.714 268.667 305.619 342.571 379.524 416.476 453.429 490.381 527.333 564.286 601.238 638.190 675.143 712.095 749.048 786.000 750.000 715.000 683.000 659.000 646.000 641.000 638.000 635.000 597.267 555.533 513.800 472.067 430.333 388.600 346.867 305.133 263.400 221.667 179.933 138.200 96.467 69.000
366.000 337.333 308.667 280.000 251.333 225.667 204.000 186.333 174.667 165.000 156.000 148.000 140.000 132.000 125.667 121.000 114.000 107.000 98.000 89.000 86.000 82.000 118.000 154.000 190.000 226.000 262.000 298.000 334.000 370.000 375.000 386.000 406.200 423.000 443.000 456.000 464.000 468.000 469.000 469.000 464.000 454.000 434.800 400.400 142.000 147.000 156.333 170.000 189.667 215.333 244.000 272.667 301.333 330.000 358.667 387.333 416.000 444.667 473.333 502.000 530.667 559.333 588.000 616.667 645.333 674.000 640.000 615.000 600.000 588.000 585.000 587.000 600.000 618.000 583.600 549.200 514.800 480.400 446.000 411.600 377.200 342.800 308.400 274.000 239.600 205.200 171.800 148.000
387.000 343.667 300.333 257.000 221.000 193.333 178.000 170.000 155.333 149.000 141.667 137.000 135.000 133.000 131.000 127.000 117.000 110.000 108.000 109.000 112.000 121.000 140.125 171.250 215.375 259.500 303.625 347.750 391.875 436.000 418.667 411.000 407.000 410.000 426.000 439.000 444.000 449.000 453.000 463.000 470.000 471.000 462.667 433.333 110.000 121.333 141.667 181.000 224.333 267.667 311.000 354.333 397.667 441.000 484.333 527.667 571.000 614.333 657.667 701.000 744.333 787.667 831.000 874.333 917.667 961.000 916.875 872.750 831.000 803.500 787.000 770.000 772.000 773.000 726.667 680.333 634.000 587.667 541.333 495.000 448.667 402.333 356.000 309.667 263.333 217.000 170.667 125.333
379.000 346.048 313.095 280.143 248.190 220.238 197.000 182.000 169.000 158.000 149.000 142.000 137.000 134.000 130.000 123.000 119.000 116.000 108.000 101.000 93.000 86.000 121.750 159.500 197.250 235.000 272.750 310.500 348.250 386.000 374.000 364.467 370.000 382.000 387.000 390.000 399.133 418.867 436.000 450.333 451.000 452.000 444.000 417.733 70.000 72.000 80.905 100.857 131.810 164.762 197.714 230.667 263.619 296.571 329.524 362.476 395.429 428.381 461.333 494.286 527.238 560.190 593.143 626.095 659.048 692.000 654.250 625.000 610.750 601.000 600.000 602.000 608.250 621.000 582.267 543.533 504.800 466.067 427.333 388.600 349.867 311.133 272.400 233.667 194.933 156.200 117.467 84.733
360.000 316.619 273.238 232.857 190.476 161.095 142.000 132.000 125.000 116.000 107.000 98.000 89.429 79.000 66.667 49.286 36.905 27.000 22.000 18.762 23.000 38.000 48.250 63.000 81.750 116.000 160.250 204.500 248.750 293.000 279.000 281.000 317.800 335.933 345.000 347.000 363.867 397.133 426.400 439.000 442.000 443.000 438.533 404.267 78.000 85.000 107.000 146.143 183.524 226.905 270.286 313.667 357.048 400.429 443.810 487.190 530.571 573.952 617.333 660.714 704.095 747.476 790.857 834.238 877.619 921.000 876.750 832.500 788.250 744.000 724.750 708.500 705.000 708.000 663.733 619.467 576.000 531.933 487.667 443.400 399.133 354.867 310.600 266.333 222.067 177.800 133.533 96.267
396.000 360.952 325.905 291.857 256.810 226.762 208.714 194.667 184.000 180.000 176.524 176.000 177.000 178.000 178.000 173.000 170.000 165.190 161.000 158.000 156.000 159.000 177.000 195.750 226.125 258.500 290.875 323.250 355.625 388.000 388.000 395.000 404.600 422.800 427.000 432.000 444.000 457.000 466.000 467.000 468.000 467.000 466.000 435.200 116.000 121.048 138.000 169.143 201.190 236.238 271.286 306.333 341.381 376.429 411.476 446.524 481.571 516.619 551.667 586.714 621.762 656.810 691.857 726.905 761.952 797.000 764.625 732.250 704.875 687.000 674.125 670.000 671.000 671.000 631.800 592.600 553.400 514.200 475.000 435.800 396.600 357.400 318.200 279.000 239.800 200.600 161.400 127.200
340.000 297.190 254.381 211.571 170.762 141.952 122.000 112.000 101.000 90.000 83.905 75.000 71.000 69.000 65.000 59.000 52.048 46.000 44.000 44.000 43.000 48.000 78.000 120.000 162.000 204.000 246.000 288.000 330.000 372.000 351.000 338.067 330.000 330.000 346.333 371.000 393.000 404.000 413.200 419.000 423.000 424.000 415.000 385.467 74.000 87.000 105.619 132.000 170.238 213.048 255.857 298.667 341.476 384.286 427.095 469.905 512.714 555.524 598.333 641.143 683.952 726.762 769.571 812.381 855.190 898.000 856.000 817.000 786.000 770.000 759.000 748.000 735.000 716.000 670.533 625.067 579.600 534.133 488.667 443.200 397.733 352.267 306.800 261.333 215.867 170.400 124.933 84.467
319.000 283.381 247.762 215.143 191.000 179.000 175.000 170.000 166.048 166.000 163.000 163.000 160.571 157.000 155.000 152.000 147.000 138.476 133.000 131.238 131.381 136.000 160.000 182.250 206.875 231.500 256.125 280.750 305.375 328.000 337.267 350.000 365.000 377.000 382.000 392.000 401.000 413.000 418.000 419.000 414.000 407.000 394.000 359.267 50.000 59.619 82.238 117.857 153.476 189.095 224.714 260.333 295.952 331.571 367.190 402.810 438.429 474.048 509.667 545.286 580.905 616.524 652.143 687.762 723.381 759.000 737.375 712.750 689.125 670.500 659.000 646.250 626.625 606.000 565.733 525.467 485.200 444.933 404.667 364.400 324.133 283.867 243.600 203.333 163.067 122.800 82.533 53.000
375.000 328.048 281.095 234.143 187.190 154.000 135.286 121.333 112.000 109.000 108.000 105.000 103.000 97.000 85.000 75.000 64.000 56.000 59.000 66.000 74.000 94.000 120.750 148.500 192.250 237.000 281.750 326.500 371.250 416.000 420.000 417.000 419.000 430.000 441.000 446.000 455.000 461.000 468.000 471.000 474.000 468.000 454.000 424.667 79.000 86.000 107.905 142.857 178.810 224.762 271.714 318.667 365.619 412.571 459.524 506.476 553.429 600.381 647.333 694.286 741.238 788.190 835.143 882.095 929.048 976.000 931.250 886.500 845.750 814.000 794.000 788.000 786.000 788.000 738.333 688.667 639.000 589.333 539.667 490.000 440.333 390.667 341.000 291.333 241.667 192.000 142.333 93.667
369.000 327.381 285.762 244.143 205.000 185.000 172.000 164.667 160.000 154.000 152.000 150.000 149.000 148.000 145.000 142.000 141.000 138.000 134.000 130.000 126.000 128.000 149.000 179.000 215.000 251.000 287.000 323.000 359.000 395.000 403.000 390.133 386.000 396.000 409.667 422.600 437.000 450.000 457.000 459.000 461.000 461.000 453.000 415.933 96.000 101.619 119.238 151.000 187.476 229.095 270.714 312.333 353.952 395.571 437.190 478.810 520.429 562.048 603.667 645.286 686.905 728.524 770.143 811.762 853.381 895.000 859.000 823.000 793.000 774.000 762.000 756.000 757.000 757.000 710.067 663.133 616.200 569.267 522.333 475.400 428.467 381.533 334.600 287.667 240.733 193.800 146.867 107.000
382.000 342.048 302.095 262.143 224.190 192.000 174.000 159.000 145.000 134.000 130.476 125.000 120.000 114.619 107.000 98.000 91.000 85.000 80.000 77.000 80.000 87.000 103.375 122.000 150.125 187.500 224.875 262.250 299.625 337.000 369.667 391.333 401.000 409.000 414.000 417.000 425.000 434.000 439.000 443.667 450.333 454.000 446.333 421.667 103.000 111.000 127.905 162.857 200.810 239.762 279.714 319.667 359.619 399.571 439.524 479.476 519.429 559.381 599.333 639.286 679.238 719.190 759.143 799.095 839.048 879.000 841.625 804.250 767.875 735.500 710.125 699.000 694.000 689.000 648.333 607.667 567.000 526.333 485.667 445.000 404.333 363.667 323.000 282.333 241.667 201.000 160.333 119.667
388.000 347.762 307.524 270.286 231.048 202.810 184.000 167.000 150.000 134.857 124.000 116.000 107.000 97.000 88.000 80.000 73.000 63.952 56.000 58.000 65.000 74.000 98.375 128.750 171.125 220.500 271.875 323.250 374.625 419.000 407.200 400.000 407.000 422.200 433.000 444.000 456.000 465.000 471.000 477.000 480.000 474.000 458.000 425.800 88.000 95.238 117.476 154.714 194.952 235.190 275.429 315.667 355.905 396.143 436.381 476.619 516.857 557.095 597.333 637.571 677.810 718.048 758.286 798.524 838.762 879.000 827.625 776.250 724.875 678.500 654.000 648.750 645.000 619.000 581.200 543.400 505.600 467.800 430.000 392.200 354.400 316.600 278.800 241.000 203.200 165.400 127.600 98.000
412.000 375.810 339.619 303.429 272.000 250.000 234.000 220.000 215.000 211.000 210.000 211.000 211.000 210.000 208.000 205.000 199.000 191.000 179.571 169.000 162.000 169.000 192.625 224.250 256.875 289.500 322.125 354.750 387.375 420.000 426.000 431.000 442.800 462.067 470.000 475.000 482.000 493.000 498.400 504.000 506.000 501.800 490.533 451.267 97.000 101.190 119.381 145.000 176.762 212.952 249.143 285.333 321.524 357.714 393.905 430.095 466.286 502.476 538.667 574.857 611.048 647.238 683.429 719.619 755.810 792.000 759.375 726.750 699.000 681.000 670.000 659.000 648.000 640.000 600.733 561.467 522.200 482.933 443.667 404.400 365.133 325.867 286.600 247.333 208.067 168.800 129.533 102.000
339.000 293.905 248.810 203.714 169.619 143.000 128.429 117.000 108.000 100.000 92.000 85.000 79.000 76.000 77.000 79.000 77.000 75.000 81.000 90.000 98.000 122.000 141.000 168.750 207.625 246.500 285.375 324.250 363.125 402.000 398.000 398.000 411.000 425.000 430.000 430.000 432.000 432.000 430.000 428.000 428.000 431.000 428.000 389.600 20.000 29.095 55.000 94.286 138.381 183.476 228.571 273.667 318.762 363.857 408.952 454.048 499.143 544.238 589.333 634.429 679.524 724.619 769.714 814.810 859.905 905.000 866.125 827.250 807.000 783.500 767.000 762.000 754.875 733.000 682.400 631.800 581.200 530.600 480.000 429.400 378.800 328.200 277.600 227.000 176.400 125.800 75.200 33.600
351.000 316.095 281.190 248.286 213.381 195.476 182.000 171.000 160.000 151.000 147.000 143.000 138.000 135.000 133.000 131.000 124.000 113.619 105.000 102.000 94.000 90.000 113.125 150.000 190.375 231.500 272.625 313.750 354.875 396.000 387.467 385.000 396.600 416.000 435.000 442.000 448.000 452.000 455.000 459.000 459.000 451.000 427.067 390.533 70.000 80.905 100.810 132.714 165.619 200.524 235.429 270.333 305.238 340.143 375.048 409.952 444.857 479.762 514.667 549.571 584.476 619.381 654.286 689.190 724.095 759.000 717.875 676.750 643.000 624.000 617.000 617.000 621.000 622.000 582.467 542.933 503.400 463.867 424.333 384.800 345.267 305.733 266.200 226.667 187.133 147.600 108.067 79.533
387.000 351.952 316.905 281.857 248.810 217.762 201.000 182.667 169.000 164.000 160.000 156.000 151.000 142.000 129.000 116.000 102.238 92.000 85.000 72.000 67.000 73.000 114.375 158.750 202.125 246.500 290.875 335.250 379.625 424.000 416.000 409.000 411.000 425.667 449.333 461.000 464.000 469.000 474.000 481.000 484.000 479.000 460.333 423.667 108.000 111.000 123.095 142.143 177.190 212.238 247.286 282.333 317.381 352.429 387.476 422.524 457.571 492.619 527.667 562.714 597.762 632.810 667.857 702.905 737.952 773.000 730.625 695.250 657.875 637.000 624.000 618.000 621.000 620.000 583.333 546.667 510.000 473.333 436.667 400.000 363.333 326.667 290.000 253.333 216.667 180.000 144.333 115.667
411.000 371.667 332.333 293.000 253.667 225.000 205.000 190.000 177.333 172.000 168.000 161.000 154.000 150.000 143.000 136.000 130.000 124.333 117.000 112.000 108.000 117.000 153.125 189.250 225.375 261.500 297.625 333.750 369.875 406.000 409.000 399.000 398.000 408.000 429.667 450.000 451.667 451.000 458.000 473.333 482.000 484.000 480.000 456.333 163.000 169.000 188.000 216.000 248.333 287.667 327.000 366.333 405.667 445.000 484.333 523.667 563.000 602.333 641.667 681.000 720.333 759.667 799.000 838.333 877.667 917.000 882.875 854.750 832.000 823.000 819.000 818.000 816.000 816.000 770.667 725.333 680.000 634.667 589.333 544.000 498.667 453.333 408.000 362.667 317.333 272.000 226.667 182.333
368.000 324.381 280.762 238.143 202.524 170.000 149.000 135.667 120.048 104.429 92.000 83.000 73.000 64.000 59.000 50.000 41.000 33.000 26.000 22.000 23.000 29.000 46.000 74.000 127.000 184.000 241.000 298.000 355.000 412.000 415.000 418.000 419.000 429.000 437.000 447.800 457.000 459.000 462.000 467.000 470.000 464.400 448.000 412.800 69.000 77.619 93.238 123.857 167.476 211.095 254.714 298.333 341.952 385.571 429.190 472.810 516.429 560.048 603.667 647.286 690.905 734.524 778.143 821.762 865.381 909.000 852.000 795.000 751.000 725.000 712.000 712.000 713.000 705.000 660.200 615.400 570.600 525.800 481.000 436.200 391.400 346.600 301.800 257.000 212.200 167.400 122.600 80.000
387.000 348.048 309.095 270.143 231.190 202.000 185.000 173.333 166.000 160.000 152.000 146.000 142.000 139.000 131.667 125.000 117.762 107.000 107.000 106.000 106.000 105.000 130.000 153.000 188.250 226.000 263.750 301.500 339.250 377.000 370.000 371.000 383.000 397.000 413.000 423.000 429.800 432.200 435.600 442.000 448.000 451.000 450.000 427.000 122.000 127.000 141.000 161.000 190.810 227.762 266.714 305.667 344.619 383.571 422.524 461.476 500.429 539.381 578.333 617.286 656.238 695.190 734.143 773.095 812.048 851.000 813.250 775.500 743.000 720.000 708.250 705.000 705.000 706.000 665.600 625.200 584.800 544.400 504.000 463.600 423.200 382.800 342.400 302.000 261.600 221.200 180.800 140.400
340.000 296.286 252.571 208.857 167.000 142.429 122.000 108.000 93.286 87.000 88.000 91.000 89.000 88.000 91.000 88.000 87.000 85.857 84.000 94.000 108.286 125.000 134.625 155.250 189.875 224.500 259.125 293.750 328.375 360.000 365.400 378.800 392.200 410.000 421.000 427.400 431.000 434.000 435.000 438.000 442.000 440.000 427.800 386.400 104.000 113.000 135.000 170.143 210.857 254.571 298.286 342.000 385.714 429.429 473.143 516.857 560.571 604.286 648.000 691.714 735.429 779.143 822.857 866.571 910.286 954.000 919.375 885.750 854.125 830.000 813.000 804.000 782.625 753.000 706.600 660.200 613.800 567.400 521.000 474.600 428.200 381.800 335.400 289.000 242.600 196.200 149.800 112.000
427.000 398.429 369.857 342.286 318.714 296.143 274.571 258.000 246.429 235.857 229.286 225.000 222.000 220.000 219.000 218.000 218.000 219.000 219.000 218.000 221.000 227.000 242.000 270.000 299.000 328.000 357.000 386.000 415.000 444.000 444.000 455.133 466.200 471.000 474.000 480.000 485.000 489.000 492.000 491.000 489.000 486.200 480.000 462.067 53.000 57.000 72.143 100.714 129.286 157.857 186.429 215.000 243.571 272.143 300.714 329.286 357.857 386.429 415.000 443.571 472.143 500.714 529.286 557.857 586.429 615.000 586.000 558.000 540.000 533.000 531.000 531.000 539.000 552.000 516.933 481.867 446.800 411.733 376.667 341.600 306.533 271.467 236.400 201.333 166.267 131.200 96.133 62.067
399.000 354.429 309.857 265.286 227.714 202.143 183.000 172.000 162.000 154.857 146.000 142.000 137.000 133.000 125.000 116.000 111.000 108.000 111.000 118.000 129.000 138.000 157.375 189.750 227.125 264.500 301.875 339.250 376.625 414.000 395.000 388.000 394.000 409.000 426.000 432.000 436.000 446.000 461.000 473.000 480.467 482.000 474.267 449.000 126.000 130.000 145.143 178.714 222.286 266.857 311.429 356.000 400.571 445.143 489.714 534.286 578.857 623.429 668.000 712.571 757.143 801.714 846.286 890.857 935.429 980.000 942.625 914.000 901.000 891.000 887.000 877.750 866.000 851.000 800.867 750.733 700.600 650.467 600.333 550.200 500.067 449.933 399.800 349.667 299.533 249.400 199.267 149.133
353.000 308.905 264.810 220.714 183.000 169.000 159.429 148.000 140.000 137.000 135.000 132.000 128.000 121.000 112.000 104.000 96.000 89.000 83.000 78.000 78.000 76.000 111.000 141.000 180.750 225.000 269.250 313.500 357.750 402.000 387.000 377.000 372.000 382.267 404.333 425.400 435.467 444.000 452.000 456.000 451.000 447.000 439.000 398.067 92.000 105.000 121.190 155.286 198.381 242.476 286.571 330.667 374.762 418.857 462.952 507.048 551.143 595.238 639.333 683.429 727.524 771.619 815.714 859.810 903.905 948.000 903.750 859.500 818.250 778.000 757.750 744.000 742.000 732.000 686.933 641.867 596.800 551.733 506.667 461.600 416.533 371.467 326.400 281.333 236.267 191.200 146.133 106.067
